"id","name","lang","new stars","node_id","full_name","private","owner","html_url","description","fork","url","forks_url","keys_url","collaborators_url","teams_url","hooks_url","issue_events_url","events_url","assignees_url","branches_url","tags_url","blobs_url","git_tags_url","git_refs_url","trees_url","statuses_url","languages_url","stargazers_url","contributors_url","subscribers_url","subscription_url","commits_url","git_commits_url","comments_url","issue_comment_url","contents_url","compare_url","merges_url","archive_url","downloads_url","issues_url","pulls_url","milestones_url","notifications_url","labels_url","releases_url","deployments_url","created_at","updated_at","pushed_at","git_url","ssh_url","clone_url","svn_url","homepage","size","stargazers_count","watchers_count","language","has_issues","has_projects","has_downloads","has_wiki","has_pages","forks_count","mirror_url","archived","disabled","open_issues_count","license","forks","open_issues","watchers","default_branch","permissions","temp_clone_token","organization","network_count","subscribers_count"
"54346799","public-apis","Python","1219","MDEwOlJlcG9zaXRvcnk1NDM0Njc5OQ==","public-apis/public-apis","false","{""login"":""public-apis"",""id"":51121562,""node_id"":""MDEyOk9yZ2FuaXphdGlvbjUxMTIxNTYy"",""avatar_url"":""https://avatars.githubusercontent.com/u/51121562?v=4"",""gravatar_id"":"""",""url"":""https://api.github.com/users/public-apis"",""html_url"":""https://github.com/public-apis"",""followers_url"":""https://api.github.com/users/public-apis/followers"",""following_url"":""https://api.github.com/users/public-apis/following{/other_user}"",""gists_url"":""https://api.github.com/users/public-apis/gists{/gist_id}"",""starred_url"":""https://api.github.com/users/public-apis/starred{/owner}{/repo}"",""subscriptions_url"":""https://api.github.com/users/public-apis/subscriptions"",""organizations_url"":""https://api.github.com/users/public-apis/orgs"",""repos_url"":""https://api.github.com/users/public-apis/repos"",""events_url"":""https://api.github.com/users/public-apis/events{/privacy}"",""received_events_url"":""https://api.github.com/users/public-apis/received_events"",""type"":""Organization"",""site_admin"":false}","https://github.com/public-apis/public-apis","A collective list of free APIs","false","https://api.github.com/repos/public-apis/public-apis","https://api.github.com/repos/public-apis/public-apis/forks","https://api.github.com/repos/public-apis/public-apis/keys{/key_id}","https://api.github.com/repos/public-apis/public-apis/collaborators{/collaborator}","https://api.github.com/repos/public-apis/public-apis/teams","https://api.github.com/repos/public-apis/public-apis/hooks","https://api.github.com/repos/public-apis/public-apis/issues/events{/number}","https://api.github.com/repos/public-apis/public-apis/events","https://api.github.com/repos/public-apis/public-apis/assignees{/user}","https://api.github.com/repos/public-apis/public-apis/branches{/branch}","https://api.github.com/repos/public-apis/public-apis/tags","https://api.github.com/repos/public-apis/public-apis/git/blobs{/sha}","https://api.github.com/repos/public-apis/public-apis/git/tags{/sha}","https://api.github.com/repos/public-apis/public-apis/git/refs{/sha}","https://api.github.com/repos/public-apis/public-apis/git/trees{/sha}","https://api.github.com/repos/public-apis/public-apis/statuses/{sha}","https://api.github.com/repos/public-apis/public-apis/languages","https://api.github.com/repos/public-apis/public-apis/stargazers","https://api.github.com/repos/public-apis/public-apis/contributors","https://api.github.com/repos/public-apis/public-apis/subscribers","https://api.github.com/repos/public-apis/public-apis/subscription","https://api.github.com/repos/public-apis/public-apis/commits{/sha}","https://api.github.com/repos/public-apis/public-apis/git/commits{/sha}","https://api.github.com/repos/public-apis/public-apis/comments{/number}","https://api.github.com/repos/public-apis/public-apis/issues/comments{/number}","https://api.github.com/repos/public-apis/public-apis/contents/{+path}","https://api.github.com/repos/public-apis/public-apis/compare/{base}...{head}","https://api.github.com/repos/public-apis/public-apis/merges","https://api.github.com/repos/public-apis/public-apis/{archive_format}{/ref}","https://api.github.com/repos/public-apis/public-apis/downloads","https://api.github.com/repos/public-apis/public-apis/issues{/number}","https://api.github.com/repos/public-apis/public-apis/pulls{/number}","https://api.github.com/repos/public-apis/public-apis/milestones{/number}","https://api.github.com/repos/public-apis/public-apis/notifications{?since,all,participating}","https://api.github.com/repos/public-apis/public-apis/labels{/name}","https://api.github.com/repos/public-apis/public-apis/releases{/id}","https://api.github.com/repos/public-apis/public-apis/deployments","2016-03-20T23:49:42Z","2021-08-11T08:46:53Z","2021-08-11T05:12:29Z","git://github.com/public-apis/public-apis.git","git@github.com:public-apis/public-apis.git","https://github.com/public-apis/public-apis.git","https://github.com/public-apis/public-apis","","3468","146097","146097","Python","true","false","true","false","false","16965","","false","false","47","{""key"":""mit"",""name"":""MIT License"",""spdx_id"":""MIT"",""url"":""https://api.github.com/licenses/mit"",""node_id"":""MDc6TGljZW5zZTEz""}","16965","47","146097","master","{""admin"":false,""maintain"":false,""push"":false,""triage"":false,""pull"":true}","","{""login"":""public-apis"",""id"":51121562,""node_id"":""MDEyOk9yZ2FuaXphdGlvbjUxMTIxNTYy"",""avatar_url"":""https://avatars.githubusercontent.com/u/51121562?v=4"",""gravatar_id"":"""",""url"":""https://api.github.com/users/public-apis"",""html_url"":""https://github.com/public-apis"",""followers_url"":""https://api.github.com/users/public-apis/followers"",""following_url"":""https://api.github.com/users/public-apis/following{/other_user}"",""gists_url"":""https://api.github.com/users/public-apis/gists{/gist_id}"",""starred_url"":""https://api.github.com/users/public-apis/starred{/owner}{/repo}"",""subscriptions_url"":""https://api.github.com/users/public-apis/subscriptions"",""organizations_url"":""https://api.github.com/users/public-apis/orgs"",""repos_url"":""https://api.github.com/users/public-apis/repos"",""events_url"":""https://api.github.com/users/public-apis/events{/privacy}"",""received_events_url"":""https://api.github.com/users/public-apis/received_events"",""type"":""Organization"",""site_admin"":false}","16965","3366"
"31792824","flutter","Dart","366","MDEwOlJlcG9zaXRvcnkzMTc5MjgyNA==","flutter/flutter","false","{""login"":""flutter"",""id"":14101776,""node_id"":""MDEyOk9yZ2FuaXphdGlvbjE0MTAxNzc2"",""avatar_url"":""https://avatars.githubusercontent.com/u/14101776?v=4"",""gravatar_id"":"""",""url"":""https://api.github.com/users/flutter"",""html_url"":""https://github.com/flutter"",""followers_url"":""https://api.github.com/users/flutter/followers"",""following_url"":""https://api.github.com/users/flutter/following{/other_user}"",""gists_url"":""https://api.github.com/users/flutter/gists{/gist_id}"",""starred_url"":""https://api.github.com/users/flutter/starred{/owner}{/repo}"",""subscriptions_url"":""https://api.github.com/users/flutter/subscriptions"",""organizations_url"":""https://api.github.com/users/flutter/orgs"",""repos_url"":""https://api.github.com/users/flutter/repos"",""events_url"":""https://api.github.com/users/flutter/events{/privacy}"",""received_events_url"":""https://api.github.com/users/flutter/received_events"",""type"":""Organization"",""site_admin"":false}","https://github.com/flutter/flutter","Flutter makes it easy and fast to build beautiful apps for mobile and beyond.","false","https://api.github.com/repos/flutter/flutter","https://api.github.com/repos/flutter/flutter/forks","https://api.github.com/repos/flutter/flutter/keys{/key_id}","https://api.github.com/repos/flutter/flutter/collaborators{/collaborator}","https://api.github.com/repos/flutter/flutter/teams","https://api.github.com/repos/flutter/flutter/hooks","https://api.github.com/repos/flutter/flutter/issues/events{/number}","https://api.github.com/repos/flutter/flutter/events","https://api.github.com/repos/flutter/flutter/assignees{/user}","https://api.github.com/repos/flutter/flutter/branches{/branch}","https://api.github.com/repos/flutter/flutter/tags","https://api.github.com/repos/flutter/flutter/git/blobs{/sha}","https://api.github.com/repos/flutter/flutter/git/tags{/sha}","https://api.github.com/repos/flutter/flutter/git/refs{/sha}","https://api.github.com/repos/flutter/flutter/git/trees{/sha}","https://api.github.com/repos/flutter/flutter/statuses/{sha}","https://api.github.com/repos/flutter/flutter/languages","https://api.github.com/repos/flutter/flutter/stargazers","https://api.github.com/repos/flutter/flutter/contributors","https://api.github.com/repos/flutter/flutter/subscribers","https://api.github.com/repos/flutter/flutter/subscription","https://api.github.com/repos/flutter/flutter/commits{/sha}","https://api.github.com/repos/flutter/flutter/git/commits{/sha}","https://api.github.com/repos/flutter/flutter/comments{/number}","https://api.github.com/repos/flutter/flutter/issues/comments{/number}","https://api.github.com/repos/flutter/flutter/contents/{+path}","https://api.github.com/repos/flutter/flutter/compare/{base}...{head}","https://api.github.com/repos/flutter/flutter/merges","https://api.github.com/repos/flutter/flutter/{archive_format}{/ref}","https://api.github.com/repos/flutter/flutter/downloads","https://api.github.com/repos/flutter/flutter/issues{/number}","https://api.github.com/repos/flutter/flutter/pulls{/number}","https://api.github.com/repos/flutter/flutter/milestones{/number}","https://api.github.com/repos/flutter/flutter/notifications{?since,all,participating}","https://api.github.com/repos/flutter/flutter/labels{/name}","https://api.github.com/repos/flutter/flutter/releases{/id}","https://api.github.com/repos/flutter/flutter/deployments","2015-03-06T22:54:58Z","2021-08-11T08:15:14Z","2021-08-11T07:37:54Z","git://github.com/flutter/flutter.git","git@github.com:flutter/flutter.git","https://github.com/flutter/flutter.git","https://github.com/flutter/flutter","https://flutter.dev","163311","127101","127101","Dart","true","true","true","true","false","18235","","false","false","9406","{""key"":""bsd-3-clause"",""name"":""BSD 3-Clause \""New\"" or \""Revised\"" License"",""spdx_id"":""BSD-3-Clause"",""url"":""https://api.github.com/licenses/bsd-3-clause"",""node_id"":""MDc6TGljZW5zZTU=""}","18235","9406","127101","master","{""admin"":false,""maintain"":false,""push"":false,""triage"":false,""pull"":true}","","{""login"":""flutter"",""id"":14101776,""node_id"":""MDEyOk9yZ2FuaXphdGlvbjE0MTAxNzc2"",""avatar_url"":""https://avatars.githubusercontent.com/u/14101776?v=4"",""gravatar_id"":"""",""url"":""https://api.github.com/users/flutter"",""html_url"":""https://github.com/flutter"",""followers_url"":""https://api.github.com/users/flutter/followers"",""following_url"":""https://api.github.com/users/flutter/following{/other_user}"",""gists_url"":""https://api.github.com/users/flutter/gists{/gist_id}"",""starred_url"":""https://api.github.com/users/flutter/starred{/owner}{/repo}"",""subscriptions_url"":""https://api.github.com/users/flutter/subscriptions"",""organizations_url"":""https://api.github.com/users/flutter/orgs"",""repos_url"":""https://api.github.com/users/flutter/repos"",""events_url"":""https://api.github.com/users/flutter/events{/privacy}"",""received_events_url"":""https://api.github.com/users/flutter/received_events"",""type"":""Organization"",""site_admin"":false}","18235","3584"
"132750724","build-your-own-x","","271","MDEwOlJlcG9zaXRvcnkxMzI3NTA3MjQ=","danistefanovic/build-your-own-x","false","{""login"":""danistefanovic"",""id"":1736595,""node_id"":""MDQ6VXNlcjE3MzY1OTU="",""avatar_url"":""https://avatars.githubusercontent.com/u/1736595?v=4"",""gravatar_id"":"""",""url"":""https://api.github.com/users/danistefanovic"",""html_url"":""https://github.com/danistefanovic"",""followers_url"":""https://api.github.com/users/danistefanovic/followers"",""following_url"":""https://api.github.com/users/danistefanovic/following{/other_user}"",""gists_url"":""https://api.github.com/users/danistefanovic/gists{/gist_id}"",""starred_url"":""https://api.github.com/users/danistefanovic/starred{/owner}{/repo}"",""subscriptions_url"":""https://api.github.com/users/danistefanovic/subscriptions"",""organizations_url"":""https://api.github.com/users/danistefanovic/orgs"",""repos_url"":""https://api.github.com/users/danistefanovic/repos"",""events_url"":""https://api.github.com/users/danistefanovic/events{/privacy}"",""received_events_url"":""https://api.github.com/users/danistefanovic/received_events"",""type"":""User"",""site_admin"":false}","https://github.com/danistefanovic/build-your-own-x","🤓 Build your own (insert technology here)","false","https://api.github.com/repos/danistefanovic/build-your-own-x","https://api.github.com/repos/danistefanovic/build-your-own-x/forks","https://api.github.com/repos/danistefanovic/build-your-own-x/keys{/key_id}","https://api.github.com/repos/danistefanovic/build-your-own-x/collaborators{/collaborator}","https://api.github.com/repos/danistefanovic/build-your-own-x/teams","https://api.github.com/repos/danistefanovic/build-your-own-x/hooks","https://api.github.com/repos/danistefanovic/build-your-own-x/issues/events{/number}","https://api.github.com/repos/danistefanovic/build-your-own-x/events","https://api.github.com/repos/danistefanovic/build-your-own-x/assignees{/user}","https://api.github.com/repos/danistefanovic/build-your-own-x/branches{/branch}","https://api.github.com/repos/danistefanovic/build-your-own-x/tags","https://api.github.com/repos/danistefanovic/build-your-own-x/git/blobs{/sha}","https://api.github.com/repos/danistefanovic/build-your-own-x/git/tags{/sha}","https://api.github.com/repos/danistefanovic/build-your-own-x/git/refs{/sha}","https://api.github.com/repos/danistefanovic/build-your-own-x/git/trees{/sha}","https://api.github.com/repos/danistefanovic/build-your-own-x/statuses/{sha}","https://api.github.com/repos/danistefanovic/build-your-own-x/languages","https://api.github.com/repos/danistefanovic/build-your-own-x/stargazers","https://api.github.com/repos/danistefanovic/build-your-own-x/contributors","https://api.github.com/repos/danistefanovic/build-your-own-x/subscribers","https://api.github.com/repos/danistefanovic/build-your-own-x/subscription","https://api.github.com/repos/danistefanovic/build-your-own-x/commits{/sha}","https://api.github.com/repos/danistefanovic/build-your-own-x/git/commits{/sha}","https://api.github.com/repos/danistefanovic/build-your-own-x/comments{/number}","https://api.github.com/repos/danistefanovic/build-your-own-x/issues/comments{/number}","https://api.github.com/repos/danistefanovic/build-your-own-x/contents/{+path}","https://api.github.com/repos/danistefanovic/build-your-own-x/compare/{base}...{head}","https://api.github.com/repos/danistefanovic/build-your-own-x/merges","https://api.github.com/repos/danistefanovic/build-your-own-x/{archive_format}{/ref}","https://api.github.com/repos/danistefanovic/build-your-own-x/downloads","https://api.github.com/repos/danistefanovic/build-your-own-x/issues{/number}","https://api.github.com/repos/danistefanovic/build-your-own-x/pulls{/number}","https://api.github.com/repos/danistefanovic/build-your-own-x/milestones{/number}","https://api.github.com/repos/danistefanovic/build-your-own-x/notifications{?since,all,participating}","https://api.github.com/repos/danistefanovic/build-your-own-x/labels{/name}","https://api.github.com/repos/danistefanovic/build-your-own-x/releases{/id}","https://api.github.com/repos/danistefanovic/build-your-own-x/deployments","2018-05-09T12:03:18Z","2021-08-11T08:44:51Z","2021-06-30T08:18:36Z","git://github.com/danistefanovic/build-your-own-x.git","git@github.com:danistefanovic/build-your-own-x.git","https://github.com/danistefanovic/build-your-own-x.git","https://github.com/danistefanovic/build-your-own-x","https://twitter.com/danistefanovic","800","113892","113892","","true","false","true","false","false","10111","","false","false","184","","10111","184","113892","master","{""admin"":false,""maintain"":false,""push"":false,""triage"":false,""pull"":true}","","","10111","3790"
"132464395","JavaGuide","Java","212","MDEwOlJlcG9zaXRvcnkxMzI0NjQzOTU=","Snailclimb/JavaGuide","false","{""login"":""Snailclimb"",""id"":29880145,""node_id"":""MDQ6VXNlcjI5ODgwMTQ1"",""avatar_url"":""https://avatars.githubusercontent.com/u/29880145?v=4"",""gravatar_id"":"""",""url"":""https://api.github.com/users/Snailclimb"",""html_url"":""https://github.com/Snailclimb"",""followers_url"":""https://api.github.com/users/Snailclimb/followers"",""following_url"":""https://api.github.com/users/Snailclimb/following{/other_user}"",""gists_url"":""https://api.github.com/users/Snailclimb/gists{/gist_id}"",""starred_url"":""https://api.github.com/users/Snailclimb/starred{/owner}{/repo}"",""subscriptions_url"":""https://api.github.com/users/Snailclimb/subscriptions"",""organizations_url"":""https://api.github.com/users/Snailclimb/orgs"",""repos_url"":""https://api.github.com/users/Snailclimb/repos"",""events_url"":""https://api.github.com/users/Snailclimb/events{/privacy}"",""received_events_url"":""https://api.github.com/users/Snailclimb/received_events"",""type"":""User"",""site_admin"":false}","https://github.com/Snailclimb/JavaGuide","「Java学习+面试指南」一份涵盖大部分 Java 程序员所需要掌握的核心知识。准备 Java 面试，首选 JavaGuide！","false","https://api.github.com/repos/Snailclimb/JavaGuide","https://api.github.com/repos/Snailclimb/JavaGuide/forks","https://api.github.com/repos/Snailclimb/JavaGuide/keys{/key_id}","https://api.github.com/repos/Snailclimb/JavaGuide/collaborators{/collaborator}","https://api.github.com/repos/Snailclimb/JavaGuide/teams","https://api.github.com/repos/Snailclimb/JavaGuide/hooks","https://api.github.com/repos/Snailclimb/JavaGuide/issues/events{/number}","https://api.github.com/repos/Snailclimb/JavaGuide/events","https://api.github.com/repos/Snailclimb/JavaGuide/assignees{/user}","https://api.github.com/repos/Snailclimb/JavaGuide/branches{/branch}","https://api.github.com/repos/Snailclimb/JavaGuide/tags","https://api.github.com/repos/Snailclimb/JavaGuide/git/blobs{/sha}","https://api.github.com/repos/Snailclimb/JavaGuide/git/tags{/sha}","https://api.github.com/repos/Snailclimb/JavaGuide/git/refs{/sha}","https://api.github.com/repos/Snailclimb/JavaGuide/git/trees{/sha}","https://api.github.com/repos/Snailclimb/JavaGuide/statuses/{sha}","https://api.github.com/repos/Snailclimb/JavaGuide/languages","https://api.github.com/repos/Snailclimb/JavaGuide/stargazers","https://api.github.com/repos/Snailclimb/JavaGuide/contributors","https://api.github.com/repos/Snailclimb/JavaGuide/subscribers","https://api.github.com/repos/Snailclimb/JavaGuide/subscription","https://api.github.com/repos/Snailclimb/JavaGuide/commits{/sha}","https://api.github.com/repos/Snailclimb/JavaGuide/git/commits{/sha}","https://api.github.com/repos/Snailclimb/JavaGuide/comments{/number}","https://api.github.com/repos/Snailclimb/JavaGuide/issues/comments{/number}","https://api.github.com/repos/Snailclimb/JavaGuide/contents/{+path}","https://api.github.com/repos/Snailclimb/JavaGuide/compare/{base}...{head}","https://api.github.com/repos/Snailclimb/JavaGuide/merges","https://api.github.com/repos/Snailclimb/JavaGuide/{archive_format}{/ref}","https://api.github.com/repos/Snailclimb/JavaGuide/downloads","https://api.github.com/repos/Snailclimb/JavaGuide/issues{/number}","https://api.github.com/repos/Snailclimb/JavaGuide/pulls{/number}","https://api.github.com/repos/Snailclimb/JavaGuide/milestones{/number}","https://api.github.com/repos/Snailclimb/JavaGuide/notifications{?since,all,participating}","https://api.github.com/repos/Snailclimb/JavaGuide/labels{/name}","https://api.github.com/repos/Snailclimb/JavaGuide/releases{/id}","https://api.github.com/repos/Snailclimb/JavaGuide/deployments","2018-05-07T13:27:00Z","2021-08-11T08:45:53Z","2021-08-11T03:17:34Z","git://github.com/Snailclimb/JavaGuide.git","git@github.com:Snailclimb/JavaGuide.git","https://github.com/Snailclimb/JavaGuide.git","https://github.com/Snailclimb/JavaGuide","https://www.yuque.com/docs/share/f37fc804-bfe6-4b0d-b373-9c462188fec7","55516","108853","108853","Java","true","true","true","true","false","37375","","false","false","53","{""key"":""apache-2.0"",""name"":""Apache License 2.0"",""spdx_id"":""Apache-2.0"",""url"":""https://api.github.com/licenses/apache-2.0"",""node_id"":""MDc6TGljZW5zZTI=""}","37375","53","108853","master","{""admin"":false,""maintain"":false,""push"":false,""triage"":false,""pull"":true}","","","37375","4607"
"19415064","computer-science","","1455","MDEwOlJlcG9zaXRvcnkxOTQxNTA2NA==","ossu/computer-science","false","{""login"":""ossu"",""id"":14957346,""node_id"":""MDEyOk9yZ2FuaXphdGlvbjE0OTU3MzQ2"",""avatar_url"":""https://avatars.githubusercontent.com/u/14957346?v=4"",""gravatar_id"":"""",""url"":""https://api.github.com/users/ossu"",""html_url"":""https://github.com/ossu"",""followers_url"":""https://api.github.com/users/ossu/followers"",""following_url"":""https://api.github.com/users/ossu/following{/other_user}"",""gists_url"":""https://api.github.com/users/ossu/gists{/gist_id}"",""starred_url"":""https://api.github.com/users/ossu/starred{/owner}{/repo}"",""subscriptions_url"":""https://api.github.com/users/ossu/subscriptions"",""organizations_url"":""https://api.github.com/users/ossu/orgs"",""repos_url"":""https://api.github.com/users/ossu/repos"",""events_url"":""https://api.github.com/users/ossu/events{/privacy}"",""received_events_url"":""https://api.github.com/users/ossu/received_events"",""type"":""Organization"",""site_admin"":false}","https://github.com/ossu/computer-science",":mortar_board: Path to a free self-taught education in Computer Science!","false","https://api.github.com/repos/ossu/computer-science","https://api.github.com/repos/ossu/computer-science/forks","https://api.github.com/repos/ossu/computer-science/keys{/key_id}","https://api.github.com/repos/ossu/computer-science/collaborators{/collaborator}","https://api.github.com/repos/ossu/computer-science/teams","https://api.github.com/repos/ossu/computer-science/hooks","https://api.github.com/repos/ossu/computer-science/issues/events{/number}","https://api.github.com/repos/ossu/computer-science/events","https://api.github.com/repos/ossu/computer-science/assignees{/user}","https://api.github.com/repos/ossu/computer-science/branches{/branch}","https://api.github.com/repos/ossu/computer-science/tags","https://api.github.com/repos/ossu/computer-science/git/blobs{/sha}","https://api.github.com/repos/ossu/computer-science/git/tags{/sha}","https://api.github.com/repos/ossu/computer-science/git/refs{/sha}","https://api.github.com/repos/ossu/computer-science/git/trees{/sha}","https://api.github.com/repos/ossu/computer-science/statuses/{sha}","https://api.github.com/repos/ossu/computer-science/languages","https://api.github.com/repos/ossu/computer-science/stargazers","https://api.github.com/repos/ossu/computer-science/contributors","https://api.github.com/repos/ossu/computer-science/subscribers","https://api.github.com/repos/ossu/computer-science/subscription","https://api.github.com/repos/ossu/computer-science/commits{/sha}","https://api.github.com/repos/ossu/computer-science/git/commits{/sha}","https://api.github.com/repos/ossu/computer-science/comments{/number}","https://api.github.com/repos/ossu/computer-science/issues/comments{/number}","https://api.github.com/repos/ossu/computer-science/contents/{+path}","https://api.github.com/repos/ossu/computer-science/compare/{base}...{head}","https://api.github.com/repos/ossu/computer-science/merges","https://api.github.com/repos/ossu/computer-science/{archive_format}{/ref}","https://api.github.com/repos/ossu/computer-science/downloads","https://api.github.com/repos/ossu/computer-science/issues{/number}","https://api.github.com/repos/ossu/computer-science/pulls{/number}","https://api.github.com/repos/ossu/computer-science/milestones{/number}","https://api.github.com/repos/ossu/computer-science/notifications{?since,all,participating}","https://api.github.com/repos/ossu/computer-science/labels{/name}","https://api.github.com/repos/ossu/computer-science/releases{/id}","https://api.github.com/repos/ossu/computer-science/deployments","2014-05-04T00:18:39Z","2021-08-11T08:45:02Z","2021-08-10T08:38:07Z","git://github.com/ossu/computer-science.git","git@github.com:ossu/computer-science.git","https://github.com/ossu/computer-science.git","https://github.com/ossu/computer-science","","1065","93478","93478","","true","true","true","true","false","12783","","false","false","13","{""key"":""mit"",""name"":""MIT License"",""spdx_id"":""MIT"",""url"":""https://api.github.com/licenses/mit"",""node_id"":""MDc6TGljZW5zZTEz""}","12783","13","93478","master","{""admin"":false,""maintain"":false,""push"":false,""triage"":false,""pull"":true}","","{""login"":""ossu"",""id"":14957346,""node_id"":""MDEyOk9yZ2FuaXphdGlvbjE0OTU3MzQ2"",""avatar_url"":""https://avatars.githubusercontent.com/u/14957346?v=4"",""gravatar_id"":"""",""url"":""https://api.github.com/users/ossu"",""html_url"":""https://github.com/ossu"",""followers_url"":""https://api.github.com/users/ossu/followers"",""following_url"":""https://api.github.com/users/ossu/following{/other_user}"",""gists_url"":""https://api.github.com/users/ossu/gists{/gist_id}"",""starred_url"":""https://api.github.com/users/ossu/starred{/owner}{/repo}"",""subscriptions_url"":""https://api.github.com/users/ossu/subscriptions"",""organizations_url"":""https://api.github.com/users/ossu/orgs"",""repos_url"":""https://api.github.com/users/ossu/repos"",""events_url"":""https://api.github.com/users/ossu/events{/privacy}"",""received_events_url"":""https://api.github.com/users/ossu/received_events"",""type"":""Organization"",""site_admin"":false}","12783","4803"
160919119,"fastapi","Python","467","MDEwOlJlcG9zaXRvcnkxNjA5MTkxMTk=","tiangolo/fastapi",false,"{""login"":""tiangolo"",""id"":1326112,""node_id"":""MDQ6VXNlcjEzMjYxMTI="",""avatar_url"":""https://avatars.githubusercontent.com/u/1326112?v=4"",""gravatar_id"":"""",""url"":""https://api.github.com/users/tiangolo"",""html_url"":""https://github.com/tiangolo"",""followers_url"":""https://api.github.com/users/tiangolo/followers"",""following_url"":""https://api.github.com/users/tiangolo/following{/other_user}"",""gists_url"":""https://api.github.com/users/tiangolo/gists{/gist_id}"",""starred_url"":""https://api.github.com/users/tiangolo/starred{/owner}{/repo}"",""subscriptions_url"":""https://api.github.com/users/tiangolo/subscriptions"",""organizations_url"":""https://api.github.com/users/tiangolo/orgs"",""repos_url"":""https://api.github.com/users/tiangolo/repos"",""events_url"":""https://api.github.com/users/tiangolo/events{/privacy}"",""received_events_url"":""https://api.github.com/users/tiangolo/received_events"",""type"":""User"",""site_admin"":false}","https://github.com/tiangolo/fastapi","FastAPI framework, high performance, easy to learn, fast to code, ready for production",false,"https://api.github.com/repos/tiangolo/fastapi","https://api.github.com/repos/tiangolo/fastapi/forks","https://api.github.com/repos/tiangolo/fastapi/keys{/key_id}","https://api.github.com/repos/tiangolo/fastapi/collaborators{/collaborator}","https://api.github.com/repos/tiangolo/fastapi/teams","https://api.github.com/repos/tiangolo/fastapi/hooks","https://api.github.com/repos/tiangolo/fastapi/issues/events{/number}","https://api.github.com/repos/tiangolo/fastapi/events","https://api.github.com/repos/tiangolo/fastapi/assignees{/user}","https://api.github.com/repos/tiangolo/fastapi/branches{/branch}","https://api.github.com/repos/tiangolo/fastapi/tags","https://api.github.com/repos/tiangolo/fastapi/git/blobs{/sha}","https://api.github.com/repos/tiangolo/fastapi/git/tags{/sha}","https://api.github.com/repos/tiangolo/fastapi/git/refs{/sha}","https://api.github.com/repos/tiangolo/fastapi/git/trees{/sha}","https://api.github.com/repos/tiangolo/fastapi/statuses/{sha}","https://api.github.com/repos/tiangolo/fastapi/languages","https://api.github.com/repos/tiangolo/fastapi/stargazers","https://api.github.com/repos/tiangolo/fastapi/contributors","https://api.github.com/repos/tiangolo/fastapi/subscribers","https://api.github.com/repos/tiangolo/fastapi/subscription","https://api.github.com/repos/tiangolo/fastapi/commits{/sha}","https://api.github.com/repos/tiangolo/fastapi/git/commits{/sha}","https://api.github.com/repos/tiangolo/fastapi/comments{/number}","https://api.github.com/repos/tiangolo/fastapi/issues/comments{/number}","https://api.github.com/repos/tiangolo/fastapi/contents/{+path}","https://api.github.com/repos/tiangolo/fastapi/compare/{base}...{head}","https://api.github.com/repos/tiangolo/fastapi/merges","https://api.github.com/repos/tiangolo/fastapi/{archive_format}{/ref}","https://api.github.com/repos/tiangolo/fastapi/downloads","https://api.github.com/repos/tiangolo/fastapi/issues{/number}","https://api.github.com/repos/tiangolo/fastapi/pulls{/number}","https://api.github.com/repos/tiangolo/fastapi/milestones{/number}","https://api.github.com/repos/tiangolo/fastapi/notifications{?since,all,participating}","https://api.github.com/repos/tiangolo/fastapi/labels{/name}","https://api.github.com/repos/tiangolo/fastapi/releases{/id}","https://api.github.com/repos/tiangolo/fastapi/deployments","2018-12-08T08:21:47Z","2021-08-12T01:25:31Z","2021-08-12T00:09:21Z","git://github.com/tiangolo/fastapi.git","git@github.com:tiangolo/fastapi.git","https://github.com/tiangolo/fastapi.git","https://github.com/tiangolo/fastapi","https://fastapi.tiangolo.com/",10546,34592,34592,"Python",true,true,true,true,false,2464,,false,false,1030,"{""key"":""mit"",""name"":""MIT License"",""spdx_id"":""MIT"",""url"":""https://api.github.com/licenses/mit"",""node_id"":""MDc6TGljZW5zZTEz""}",2464,1030,34592,"master","{""admin"":false,""maintain"":false,""push"":false,""triage"":false,""pull"":true}","","",2464,536
84811466,"Blog","","70","MDEwOlJlcG9zaXRvcnk4NDgxMTQ2Ng==","mqyqingfeng/Blog",false,"{""login"":""mqyqingfeng"",""id"":11458263,""node_id"":""MDQ6VXNlcjExNDU4MjYz"",""avatar_url"":""https://avatars.githubusercontent.com/u/11458263?v=4"",""gravatar_id"":"""",""url"":""https://api.github.com/users/mqyqingfeng"",""html_url"":""https://github.com/mqyqingfeng"",""followers_url"":""https://api.github.com/users/mqyqingfeng/followers"",""following_url"":""https://api.github.com/users/mqyqingfeng/following{/other_user}"",""gists_url"":""https://api.github.com/users/mqyqingfeng/gists{/gist_id}"",""starred_url"":""https://api.github.com/users/mqyqingfeng/starred{/owner}{/repo}"",""subscriptions_url"":""https://api.github.com/users/mqyqingfeng/subscriptions"",""organizations_url"":""https://api.github.com/users/mqyqingfeng/orgs"",""repos_url"":""https://api.github.com/users/mqyqingfeng/repos"",""events_url"":""https://api.github.com/users/mqyqingfeng/events{/privacy}"",""received_events_url"":""https://api.github.com/users/mqyqingfeng/received_events"",""type"":""User"",""site_admin"":false}","https://github.com/mqyqingfeng/Blog","冴羽写博客的地方，预计写四个系列：JavaScript深入系列、JavaScript专题系列、ES6系列、React系列。",false,"https://api.github.com/repos/mqyqingfeng/Blog","https://api.github.com/repos/mqyqingfeng/Blog/forks","https://api.github.com/repos/mqyqingfeng/Blog/keys{/key_id}","https://api.github.com/repos/mqyqingfeng/Blog/collaborators{/collaborator}","https://api.github.com/repos/mqyqingfeng/Blog/teams","https://api.github.com/repos/mqyqingfeng/Blog/hooks","https://api.github.com/repos/mqyqingfeng/Blog/issues/events{/number}","https://api.github.com/repos/mqyqingfeng/Blog/events","https://api.github.com/repos/mqyqingfeng/Blog/assignees{/user}","https://api.github.com/repos/mqyqingfeng/Blog/branches{/branch}","https://api.github.com/repos/mqyqingfeng/Blog/tags","https://api.github.com/repos/mqyqingfeng/Blog/git/blobs{/sha}","https://api.github.com/repos/mqyqingfeng/Blog/git/tags{/sha}","https://api.github.com/repos/mqyqingfeng/Blog/git/refs{/sha}","https://api.github.com/repos/mqyqingfeng/Blog/git/trees{/sha}","https://api.github.com/repos/mqyqingfeng/Blog/statuses/{sha}","https://api.github.com/repos/mqyqingfeng/Blog/languages","https://api.github.com/repos/mqyqingfeng/Blog/stargazers","https://api.github.com/repos/mqyqingfeng/Blog/contributors","https://api.github.com/repos/mqyqingfeng/Blog/subscribers","https://api.github.com/repos/mqyqingfeng/Blog/subscription","https://api.github.com/repos/mqyqingfeng/Blog/commits{/sha}","https://api.github.com/repos/mqyqingfeng/Blog/git/commits{/sha}","https://api.github.com/repos/mqyqingfeng/Blog/comments{/number}","https://api.github.com/repos/mqyqingfeng/Blog/issues/comments{/number}","https://api.github.com/repos/mqyqingfeng/Blog/contents/{+path}","https://api.github.com/repos/mqyqingfeng/Blog/compare/{base}...{head}","https://api.github.com/repos/mqyqingfeng/Blog/merges","https://api.github.com/repos/mqyqingfeng/Blog/{archive_format}{/ref}","https://api.github.com/repos/mqyqingfeng/Blog/downloads","https://api.github.com/repos/mqyqingfeng/Blog/issues{/number}","https://api.github.com/repos/mqyqingfeng/Blog/pulls{/number}","https://api.github.com/repos/mqyqingfeng/Blog/milestones{/number}","https://api.github.com/repos/mqyqingfeng/Blog/notifications{?since,all,participating}","https://api.github.com/repos/mqyqingfeng/Blog/labels{/name}","https://api.github.com/repos/mqyqingfeng/Blog/releases{/id}","https://api.github.com/repos/mqyqingfeng/Blog/deployments","2017-03-13T10:04:33Z","2021-08-12T01:35:12Z","2021-06-09T08:31:54Z","git://github.com/mqyqingfeng/Blog.git","git@github.com:mqyqingfeng/Blog.git","https://github.com/mqyqingfeng/Blog.git","https://github.com/mqyqingfeng/Blog","",4622,23819,23819,,true,true,true,true,false,3935,,false,false,127,,3935,127,23819,"master","{""admin"":false,""maintain"":false,""push"":false,""triage"":false,""pull"":true}","","",3935,1304
264818686,"yolov5","Python","458","MDEwOlJlcG9zaXRvcnkyNjQ4MTg2ODY=","ultralytics/yolov5",false,"{""login"":""ultralytics"",""id"":26833451,""node_id"":""MDEyOk9yZ2FuaXphdGlvbjI2ODMzNDUx"",""avatar_url"":""https://avatars.githubusercontent.com/u/26833451?v=4"",""gravatar_id"":"""",""url"":""https://api.github.com/users/ultralytics"",""html_url"":""https://github.com/ultralytics"",""followers_url"":""https://api.github.com/users/ultralytics/followers"",""following_url"":""https://api.github.com/users/ultralytics/following{/other_user}"",""gists_url"":""https://api.github.com/users/ultralytics/gists{/gist_id}"",""starred_url"":""https://api.github.com/users/ultralytics/starred{/owner}{/repo}"",""subscriptions_url"":""https://api.github.com/users/ultralytics/subscriptions"",""organizations_url"":""https://api.github.com/users/ultralytics/orgs"",""repos_url"":""https://api.github.com/users/ultralytics/repos"",""events_url"":""https://api.github.com/users/ultralytics/events{/privacy}"",""received_events_url"":""https://api.github.com/users/ultralytics/received_events"",""type"":""Organization"",""site_admin"":false}","https://github.com/ultralytics/yolov5","YOLOv5 🚀 in PyTorch > ONNX > CoreML > TFLite",false,"https://api.github.com/repos/ultralytics/yolov5","https://api.github.com/repos/ultralytics/yolov5/forks","https://api.github.com/repos/ultralytics/yolov5/keys{/key_id}","https://api.github.com/repos/ultralytics/yolov5/collaborators{/collaborator}","https://api.github.com/repos/ultralytics/yolov5/teams","https://api.github.com/repos/ultralytics/yolov5/hooks","https://api.github.com/repos/ultralytics/yolov5/issues/events{/number}","https://api.github.com/repos/ultralytics/yolov5/events","https://api.github.com/repos/ultralytics/yolov5/assignees{/user}","https://api.github.com/repos/ultralytics/yolov5/branches{/branch}","https://api.github.com/repos/ultralytics/yolov5/tags","https://api.github.com/repos/ultralytics/yolov5/git/blobs{/sha}","https://api.github.com/repos/ultralytics/yolov5/git/tags{/sha}","https://api.github.com/repos/ultralytics/yolov5/git/refs{/sha}","https://api.github.com/repos/ultralytics/yolov5/git/trees{/sha}","https://api.github.com/repos/ultralytics/yolov5/statuses/{sha}","https://api.github.com/repos/ultralytics/yolov5/languages","https://api.github.com/repos/ultralytics/yolov5/stargazers","https://api.github.com/repos/ultralytics/yolov5/contributors","https://api.github.com/repos/ultralytics/yolov5/subscribers","https://api.github.com/repos/ultralytics/yolov5/subscription","https://api.github.com/repos/ultralytics/yolov5/commits{/sha}","https://api.github.com/repos/ultralytics/yolov5/git/commits{/sha}","https://api.github.com/repos/ultralytics/yolov5/comments{/number}","https://api.github.com/repos/ultralytics/yolov5/issues/comments{/number}","https://api.github.com/repos/ultralytics/yolov5/contents/{+path}","https://api.github.com/repos/ultralytics/yolov5/compare/{base}...{head}","https://api.github.com/repos/ultralytics/yolov5/merges","https://api.github.com/repos/ultralytics/yolov5/{archive_format}{/ref}","https://api.github.com/repos/ultralytics/yolov5/downloads","https://api.github.com/repos/ultralytics/yolov5/issues{/number}","https://api.github.com/repos/ultralytics/yolov5/pulls{/number}","https://api.github.com/repos/ultralytics/yolov5/milestones{/number}","https://api.github.com/repos/ultralytics/yolov5/notifications{?since,all,participating}","https://api.github.com/repos/ultralytics/yolov5/labels{/name}","https://api.github.com/repos/ultralytics/yolov5/releases{/id}","https://api.github.com/repos/ultralytics/yolov5/deployments","2020-05-18T03:45:11Z","2021-08-12T01:30:51Z","2021-08-11T21:40:49Z","git://github.com/ultralytics/yolov5.git","git@github.com:ultralytics/yolov5.git","https://github.com/ultralytics/yolov5.git","https://github.com/ultralytics/yolov5","https://ultralytics.com/yolov5",9606,14694,14694,"Python",true,true,true,true,false,5111,,false,false,285,"{""key"":""gpl-3.0"",""name"":""GNU General Public License v3.0"",""spdx_id"":""GPL-3.0"",""url"":""https://api.github.com/licenses/gpl-3.0"",""node_id"":""MDc6TGljZW5zZTk=""}",5111,285,14694,"master","{""admin"":false,""maintain"":false,""push"":false,""triage"":false,""pull"":true}","","{""login"":""ultralytics"",""id"":26833451,""node_id"":""MDEyOk9yZ2FuaXphdGlvbjI2ODMzNDUx"",""avatar_url"":""https://avatars.githubusercontent.com/u/26833451?v=4"",""gravatar_id"":"""",""url"":""https://api.github.com/users/ultralytics"",""html_url"":""https://github.com/ultralytics"",""followers_url"":""https://api.github.com/users/ultralytics/followers"",""following_url"":""https://api.github.com/users/ultralytics/following{/other_user}"",""gists_url"":""https://api.github.com/users/ultralytics/gists{/gist_id}"",""starred_url"":""https://api.github.com/users/ultralytics/starred{/owner}{/repo}"",""subscriptions_url"":""https://api.github.com/users/ultralytics/subscriptions"",""organizations_url"":""https://api.github.com/users/ultralytics/orgs"",""repos_url"":""https://api.github.com/users/ultralytics/repos"",""events_url"":""https://api.github.com/users/ultralytics/events{/privacy}"",""received_events_url"":""https://api.github.com/users/ultralytics/received_events"",""type"":""Organization"",""site_admin"":false}",5111,231
36639460,"books","","130","MDEwOlJlcG9zaXRvcnkzNjYzOTQ2MA==","programthink/books",false,"{""login"":""programthink"",""id"":4027957,""node_id"":""MDQ6VXNlcjQwMjc5NTc="",""avatar_url"":""https://avatars.githubusercontent.com/u/4027957?v=4"",""gravatar_id"":"""",""url"":""https://api.github.com/users/programthink"",""html_url"":""https://github.com/programthink"",""followers_url"":""https://api.github.com/users/programthink/followers"",""following_url"":""https://api.github.com/users/programthink/following{/other_user}"",""gists_url"":""https://api.github.com/users/programthink/gists{/gist_id}"",""starred_url"":""https://api.github.com/users/programthink/starred{/owner}{/repo}"",""subscriptions_url"":""https://api.github.com/users/programthink/subscriptions"",""organizations_url"":""https://api.github.com/users/programthink/orgs"",""repos_url"":""https://api.github.com/users/programthink/repos"",""events_url"":""https://api.github.com/users/programthink/events{/privacy}"",""received_events_url"":""https://api.github.com/users/programthink/received_events"",""type"":""User"",""site_admin"":false}","https://github.com/programthink/books","【编程随想】收藏的电子书清单（多个学科，含下载链接）",false,"https://api.github.com/repos/programthink/books","https://api.github.com/repos/programthink/books/forks","https://api.github.com/repos/programthink/books/keys{/key_id}","https://api.github.com/repos/programthink/books/collaborators{/collaborator}","https://api.github.com/repos/programthink/books/teams","https://api.github.com/repos/programthink/books/hooks","https://api.github.com/repos/programthink/books/issues/events{/number}","https://api.github.com/repos/programthink/books/events","https://api.github.com/repos/programthink/books/assignees{/user}","https://api.github.com/repos/programthink/books/branches{/branch}","https://api.github.com/repos/programthink/books/tags","https://api.github.com/repos/programthink/books/git/blobs{/sha}","https://api.github.com/repos/programthink/books/git/tags{/sha}","https://api.github.com/repos/programthink/books/git/refs{/sha}","https://api.github.com/repos/programthink/books/git/trees{/sha}","https://api.github.com/repos/programthink/books/statuses/{sha}","https://api.github.com/repos/programthink/books/languages","https://api.github.com/repos/programthink/books/stargazers","https://api.github.com/repos/programthink/books/contributors","https://api.github.com/repos/programthink/books/subscribers","https://api.github.com/repos/programthink/books/subscription","https://api.github.com/repos/programthink/books/commits{/sha}","https://api.github.com/repos/programthink/books/git/commits{/sha}","https://api.github.com/repos/programthink/books/comments{/number}","https://api.github.com/repos/programthink/books/issues/comments{/number}","https://api.github.com/repos/programthink/books/contents/{+path}","https://api.github.com/repos/programthink/books/compare/{base}...{head}","https://api.github.com/repos/programthink/books/merges","https://api.github.com/repos/programthink/books/{archive_format}{/ref}","https://api.github.com/repos/programthink/books/downloads","https://api.github.com/repos/programthink/books/issues{/number}","https://api.github.com/repos/programthink/books/pulls{/number}","https://api.github.com/repos/programthink/books/milestones{/number}","https://api.github.com/repos/programthink/books/notifications{?since,all,participating}","https://api.github.com/repos/programthink/books/labels{/name}","https://api.github.com/repos/programthink/books/releases{/id}","https://api.github.com/repos/programthink/books/deployments","2015-06-01T05:17:41Z","2021-08-11T23:03:03Z","2021-04-28T07:47:16Z","git://github.com/programthink/books.git","git@github.com:programthink/books.git","https://github.com/programthink/books.git","https://github.com/programthink/books","",1117,11604,11604,,true,true,true,false,false,2319,,false,false,72,"{""key"":""cc0-1.0"",""name"":""Creative Commons Zero v1.0 Universal"",""spdx_id"":""CC0-1.0"",""url"":""https://api.github.com/licenses/cc0-1.0"",""node_id"":""MDc6TGljZW5zZTY=""}",2319,72,11604,"master","{""admin"":false,""maintain"":false,""push"":false,""triage"":false,""pull"":true}","","",2319,935
40892817,"solidity","C++","125","MDEwOlJlcG9zaXRvcnk0MDg5MjgxNw==","ethereum/solidity",false,"{""login"":""ethereum"",""id"":6250754,""node_id"":""MDEyOk9yZ2FuaXphdGlvbjYyNTA3NTQ="",""avatar_url"":""https://avatars.githubusercontent.com/u/6250754?v=4"",""gravatar_id"":"""",""url"":""https://api.github.com/users/ethereum"",""html_url"":""https://github.com/ethereum"",""followers_url"":""https://api.github.com/users/ethereum/followers"",""following_url"":""https://api.github.com/users/ethereum/following{/other_user}"",""gists_url"":""https://api.github.com/users/ethereum/gists{/gist_id}"",""starred_url"":""https://api.github.com/users/ethereum/starred{/owner}{/repo}"",""subscriptions_url"":""https://api.github.com/users/ethereum/subscriptions"",""organizations_url"":""https://api.github.com/users/ethereum/orgs"",""repos_url"":""https://api.github.com/users/ethereum/repos"",""events_url"":""https://api.github.com/users/ethereum/events{/privacy}"",""received_events_url"":""https://api.github.com/users/ethereum/received_events"",""type"":""Organization"",""site_admin"":false}","https://github.com/ethereum/solidity","Solidity, the Smart Contract Programming Language",false,"https://api.github.com/repos/ethereum/solidity","https://api.github.com/repos/ethereum/solidity/forks","https://api.github.com/repos/ethereum/solidity/keys{/key_id}","https://api.github.com/repos/ethereum/solidity/collaborators{/collaborator}","https://api.github.com/repos/ethereum/solidity/teams","https://api.github.com/repos/ethereum/solidity/hooks","https://api.github.com/repos/ethereum/solidity/issues/events{/number}","https://api.github.com/repos/ethereum/solidity/events","https://api.github.com/repos/ethereum/solidity/assignees{/user}","https://api.github.com/repos/ethereum/solidity/branches{/branch}","https://api.github.com/repos/ethereum/solidity/tags","https://api.github.com/repos/ethereum/solidity/git/blobs{/sha}","https://api.github.com/repos/ethereum/solidity/git/tags{/sha}","https://api.github.com/repos/ethereum/solidity/git/refs{/sha}","https://api.github.com/repos/ethereum/solidity/git/trees{/sha}","https://api.github.com/repos/ethereum/solidity/statuses/{sha}","https://api.github.com/repos/ethereum/solidity/languages","https://api.github.com/repos/ethereum/solidity/stargazers","https://api.github.com/repos/ethereum/solidity/contributors","https://api.github.com/repos/ethereum/solidity/subscribers","https://api.github.com/repos/ethereum/solidity/subscription","https://api.github.com/repos/ethereum/solidity/commits{/sha}","https://api.github.com/repos/ethereum/solidity/git/commits{/sha}","https://api.github.com/repos/ethereum/solidity/comments{/number}","https://api.github.com/repos/ethereum/solidity/issues/comments{/number}","https://api.github.com/repos/ethereum/solidity/contents/{+path}","https://api.github.com/repos/ethereum/solidity/compare/{base}...{head}","https://api.github.com/repos/ethereum/solidity/merges","https://api.github.com/repos/ethereum/solidity/{archive_format}{/ref}","https://api.github.com/repos/ethereum/solidity/downloads","https://api.github.com/repos/ethereum/solidity/issues{/number}","https://api.github.com/repos/ethereum/solidity/pulls{/number}","https://api.github.com/repos/ethereum/solidity/milestones{/number}","https://api.github.com/repos/ethereum/solidity/notifications{?since,all,participating}","https://api.github.com/repos/ethereum/solidity/labels{/name}","https://api.github.com/repos/ethereum/solidity/releases{/id}","https://api.github.com/repos/ethereum/solidity/deployments","2015-08-17T12:27:26Z","2021-08-11T21:18:37Z","2021-08-12T00:38:13Z","git://github.com/ethereum/solidity.git","git@github.com:ethereum/solidity.git","https://github.com/ethereum/solidity.git","https://github.com/ethereum/solidity","https://soliditylang.org",53937,11525,11525,"C++",true,true,true,false,false,2965,,false,false,894,"{""key"":""gpl-3.0"",""name"":""GNU General Public License v3.0"",""spdx_id"":""GPL-3.0"",""url"":""https://api.github.com/licenses/gpl-3.0"",""node_id"":""MDc6TGljZW5zZTk=""}",2965,894,11525,"develop","{""admin"":false,""maintain"":false,""push"":false,""triage"":false,""pull"":true}","","{""login"":""ethereum"",""id"":6250754,""node_id"":""MDEyOk9yZ2FuaXphdGlvbjYyNTA3NTQ="",""avatar_url"":""https://avatars.githubusercontent.com/u/6250754?v=4"",""gravatar_id"":"""",""url"":""https://api.github.com/users/ethereum"",""html_url"":""https://github.com/ethereum"",""followers_url"":""https://api.github.com/users/ethereum/followers"",""following_url"":""https://api.github.com/users/ethereum/following{/other_user}"",""gists_url"":""https://api.github.com/users/ethereum/gists{/gist_id}"",""starred_url"":""https://api.github.com/users/ethereum/starred{/owner}{/repo}"",""subscriptions_url"":""https://api.github.com/users/ethereum/subscriptions"",""organizations_url"":""https://api.github.com/users/ethereum/orgs"",""repos_url"":""https://api.github.com/users/ethereum/repos"",""events_url"":""https://api.github.com/users/ethereum/events{/privacy}"",""received_events_url"":""https://api.github.com/users/ethereum/received_events"",""type"":""Organization"",""site_admin"":false}",2965,555
24977535,"transfer.sh","Go","310","MDEwOlJlcG9zaXRvcnkyNDk3NzUzNQ==","dutchcoders/transfer.sh",false,"{""login"":""dutchcoders"",""id"":5444419,""node_id"":""MDEyOk9yZ2FuaXphdGlvbjU0NDQ0MTk="",""avatar_url"":""https://avatars.githubusercontent.com/u/5444419?v=4"",""gravatar_id"":"""",""url"":""https://api.github.com/users/dutchcoders"",""html_url"":""https://github.com/dutchcoders"",""followers_url"":""https://api.github.com/users/dutchcoders/followers"",""following_url"":""https://api.github.com/users/dutchcoders/following{/other_user}"",""gists_url"":""https://api.github.com/users/dutchcoders/gists{/gist_id}"",""starred_url"":""https://api.github.com/users/dutchcoders/starred{/owner}{/repo}"",""subscriptions_url"":""https://api.github.com/users/dutchcoders/subscriptions"",""organizations_url"":""https://api.github.com/users/dutchcoders/orgs"",""repos_url"":""https://api.github.com/users/dutchcoders/repos"",""events_url"":""https://api.github.com/users/dutchcoders/events{/privacy}"",""received_events_url"":""https://api.github.com/users/dutchcoders/received_events"",""type"":""Organization"",""site_admin"":false}","https://github.com/dutchcoders/transfer.sh","Easy and fast file sharing from the command-line.",false,"https://api.github.com/repos/dutchcoders/transfer.sh","https://api.github.com/repos/dutchcoders/transfer.sh/forks","https://api.github.com/repos/dutchcoders/transfer.sh/keys{/key_id}","https://api.github.com/repos/dutchcoders/transfer.sh/collaborators{/collaborator}","https://api.github.com/repos/dutchcoders/transfer.sh/teams","https://api.github.com/repos/dutchcoders/transfer.sh/hooks","https://api.github.com/repos/dutchcoders/transfer.sh/issues/events{/number}","https://api.github.com/repos/dutchcoders/transfer.sh/events","https://api.github.com/repos/dutchcoders/transfer.sh/assignees{/user}","https://api.github.com/repos/dutchcoders/transfer.sh/branches{/branch}","https://api.github.com/repos/dutchcoders/transfer.sh/tags","https://api.github.com/repos/dutchcoders/transfer.sh/git/blobs{/sha}","https://api.github.com/repos/dutchcoders/transfer.sh/git/tags{/sha}","https://api.github.com/repos/dutchcoders/transfer.sh/git/refs{/sha}","https://api.github.com/repos/dutchcoders/transfer.sh/git/trees{/sha}","https://api.github.com/repos/dutchcoders/transfer.sh/statuses/{sha}","https://api.github.com/repos/dutchcoders/transfer.sh/languages","https://api.github.com/repos/dutchcoders/transfer.sh/stargazers","https://api.github.com/repos/dutchcoders/transfer.sh/contributors","https://api.github.com/repos/dutchcoders/transfer.sh/subscribers","https://api.github.com/repos/dutchcoders/transfer.sh/subscription","https://api.github.com/repos/dutchcoders/transfer.sh/commits{/sha}","https://api.github.com/repos/dutchcoders/transfer.sh/git/commits{/sha}","https://api.github.com/repos/dutchcoders/transfer.sh/comments{/number}","https://api.github.com/repos/dutchcoders/transfer.sh/issues/comments{/number}","https://api.github.com/repos/dutchcoders/transfer.sh/contents/{+path}","https://api.github.com/repos/dutchcoders/transfer.sh/compare/{base}...{head}","https://api.github.com/repos/dutchcoders/transfer.sh/merges","https://api.github.com/repos/dutchcoders/transfer.sh/{archive_format}{/ref}","https://api.github.com/repos/dutchcoders/transfer.sh/downloads","https://api.github.com/repos/dutchcoders/transfer.sh/issues{/number}","https://api.github.com/repos/dutchcoders/transfer.sh/pulls{/number}","https://api.github.com/repos/dutchcoders/transfer.sh/milestones{/number}","https://api.github.com/repos/dutchcoders/transfer.sh/notifications{?since,all,participating}","https://api.github.com/repos/dutchcoders/transfer.sh/labels{/name}","https://api.github.com/repos/dutchcoders/transfer.sh/releases{/id}","https://api.github.com/repos/dutchcoders/transfer.sh/deployments","2014-10-09T07:01:40Z","2021-08-11T16:38:51Z","2021-08-11T16:14:00Z","git://github.com/dutchcoders/transfer.sh.git","git@github.com:dutchcoders/transfer.sh.git","https://github.com/dutchcoders/transfer.sh.git","https://github.com/dutchcoders/transfer.sh","https://github.com/dutchcoders/transfer.sh",34488,11529,11529,"Go",true,true,true,true,false,1169,,false,false,17,"{""key"":""mit"",""name"":""MIT License"",""spdx_id"":""MIT"",""url"":""https://api.github.com/licenses/mit"",""node_id"":""MDc6TGljZW5zZTEz""}",1169,17,11529,"master","{""admin"":false,""maintain"":false,""push"":false,""triage"":false,""pull"":true}","","{""login"":""dutchcoders"",""id"":5444419,""node_id"":""MDEyOk9yZ2FuaXphdGlvbjU0NDQ0MTk="",""avatar_url"":""https://avatars.githubusercontent.com/u/5444419?v=4"",""gravatar_id"":"""",""url"":""https://api.github.com/users/dutchcoders"",""html_url"":""https://github.com/dutchcoders"",""followers_url"":""https://api.github.com/users/dutchcoders/followers"",""following_url"":""https://api.github.com/users/dutchcoders/following{/other_user}"",""gists_url"":""https://api.github.com/users/dutchcoders/gists{/gist_id}"",""starred_url"":""https://api.github.com/users/dutchcoders/starred{/owner}{/repo}"",""subscriptions_url"":""https://api.github.com/users/dutchcoders/subscriptions"",""organizations_url"":""https://api.github.com/users/dutchcoders/orgs"",""repos_url"":""https://api.github.com/users/dutchcoders/repos"",""events_url"":""https://api.github.com/users/dutchcoders/events{/privacy}"",""received_events_url"":""https://api.github.com/users/dutchcoders/received_events"",""type"":""Organization"",""site_admin"":false}",1169,205
37711899,"system_design","","194","MDEwOlJlcG9zaXRvcnkzNzcxMTg5OQ==","shashank88/system_design",false,"{""login"":""shashank88"",""id"":5579108,""node_id"":""MDQ6VXNlcjU1NzkxMDg="",""avatar_url"":""https://avatars.githubusercontent.com/u/5579108?v=4"",""gravatar_id"":"""",""url"":""https://api.github.com/users/shashank88"",""html_url"":""https://github.com/shashank88"",""followers_url"":""https://api.github.com/users/shashank88/followers"",""following_url"":""https://api.github.com/users/shashank88/following{/other_user}"",""gists_url"":""https://api.github.com/users/shashank88/gists{/gist_id}"",""starred_url"":""https://api.github.com/users/shashank88/starred{/owner}{/repo}"",""subscriptions_url"":""https://api.github.com/users/shashank88/subscriptions"",""organizations_url"":""https://api.github.com/users/shashank88/orgs"",""repos_url"":""https://api.github.com/users/shashank88/repos"",""events_url"":""https://api.github.com/users/shashank88/events{/privacy}"",""received_events_url"":""https://api.github.com/users/shashank88/received_events"",""type"":""User"",""site_admin"":false}","https://github.com/shashank88/system_design","Preparation links and resources for system design questions",false,"https://api.github.com/repos/shashank88/system_design","https://api.github.com/repos/shashank88/system_design/forks","https://api.github.com/repos/shashank88/system_design/keys{/key_id}","https://api.github.com/repos/shashank88/system_design/collaborators{/collaborator}","https://api.github.com/repos/shashank88/system_design/teams","https://api.github.com/repos/shashank88/system_design/hooks","https://api.github.com/repos/shashank88/system_design/issues/events{/number}","https://api.github.com/repos/shashank88/system_design/events","https://api.github.com/repos/shashank88/system_design/assignees{/user}","https://api.github.com/repos/shashank88/system_design/branches{/branch}","https://api.github.com/repos/shashank88/system_design/tags","https://api.github.com/repos/shashank88/system_design/git/blobs{/sha}","https://api.github.com/repos/shashank88/system_design/git/tags{/sha}","https://api.github.com/repos/shashank88/system_design/git/refs{/sha}","https://api.github.com/repos/shashank88/system_design/git/trees{/sha}","https://api.github.com/repos/shashank88/system_design/statuses/{sha}","https://api.github.com/repos/shashank88/system_design/languages","https://api.github.com/repos/shashank88/system_design/stargazers","https://api.github.com/repos/shashank88/system_design/contributors","https://api.github.com/repos/shashank88/system_design/subscribers","https://api.github.com/repos/shashank88/system_design/subscription","https://api.github.com/repos/shashank88/system_design/commits{/sha}","https://api.github.com/repos/shashank88/system_design/git/commits{/sha}","https://api.github.com/repos/shashank88/system_design/comments{/number}","https://api.github.com/repos/shashank88/system_design/issues/comments{/number}","https://api.github.com/repos/shashank88/system_design/contents/{+path}","https://api.github.com/repos/shashank88/system_design/compare/{base}...{head}","https://api.github.com/repos/shashank88/system_design/merges","https://api.github.com/repos/shashank88/system_design/{archive_format}{/ref}","https://api.github.com/repos/shashank88/system_design/downloads","https://api.github.com/repos/shashank88/system_design/issues{/number}","https://api.github.com/repos/shashank88/system_design/pulls{/number}","https://api.github.com/repos/shashank88/system_design/milestones{/number}","https://api.github.com/repos/shashank88/system_design/notifications{?since,all,participating}","https://api.github.com/repos/shashank88/system_design/labels{/name}","https://api.github.com/repos/shashank88/system_design/releases{/id}","https://api.github.com/repos/shashank88/system_design/deployments","2015-06-19T08:53:08Z","2021-08-12T01:06:05Z","2021-06-08T14:29:56Z","git://github.com/shashank88/system_design.git","git@github.com:shashank88/system_design.git","https://github.com/shashank88/system_design.git","https://github.com/shashank88/system_design",,74,6855,6855,,true,true,true,true,false,2014,,false,false,13,,2014,13,6855,"master","{""admin"":false,""maintain"":false,""push"":false,""triage"":false,""pull"":true}","","",2014,431
32921736,"audacity","C","349","MDEwOlJlcG9zaXRvcnkzMjkyMTczNg==","audacity/audacity",false,"{""login"":""audacity"",""id"":11648186,""node_id"":""MDEyOk9yZ2FuaXphdGlvbjExNjQ4MTg2"",""avatar_url"":""https://avatars.githubusercontent.com/u/11648186?v=4"",""gravatar_id"":"""",""url"":""https://api.github.com/users/audacity"",""html_url"":""https://github.com/audacity"",""followers_url"":""https://api.github.com/users/audacity/followers"",""following_url"":""https://api.github.com/users/audacity/following{/other_user}"",""gists_url"":""https://api.github.com/users/audacity/gists{/gist_id}"",""starred_url"":""https://api.github.com/users/audacity/starred{/owner}{/repo}"",""subscriptions_url"":""https://api.github.com/users/audacity/subscriptions"",""organizations_url"":""https://api.github.com/users/audacity/orgs"",""repos_url"":""https://api.github.com/users/audacity/repos"",""events_url"":""https://api.github.com/users/audacity/events{/privacy}"",""received_events_url"":""https://api.github.com/users/audacity/received_events"",""type"":""Organization"",""site_admin"":false}","https://github.com/audacity/audacity","Audio Editor                                     ",false,"https://api.github.com/repos/audacity/audacity","https://api.github.com/repos/audacity/audacity/forks","https://api.github.com/repos/audacity/audacity/keys{/key_id}","https://api.github.com/repos/audacity/audacity/collaborators{/collaborator}","https://api.github.com/repos/audacity/audacity/teams","https://api.github.com/repos/audacity/audacity/hooks","https://api.github.com/repos/audacity/audacity/issues/events{/number}","https://api.github.com/repos/audacity/audacity/events","https://api.github.com/repos/audacity/audacity/assignees{/user}","https://api.github.com/repos/audacity/audacity/branches{/branch}","https://api.github.com/repos/audacity/audacity/tags","https://api.github.com/repos/audacity/audacity/git/blobs{/sha}","https://api.github.com/repos/audacity/audacity/git/tags{/sha}","https://api.github.com/repos/audacity/audacity/git/refs{/sha}","https://api.github.com/repos/audacity/audacity/git/trees{/sha}","https://api.github.com/repos/audacity/audacity/statuses/{sha}","https://api.github.com/repos/audacity/audacity/languages","https://api.github.com/repos/audacity/audacity/stargazers","https://api.github.com/repos/audacity/audacity/contributors","https://api.github.com/repos/audacity/audacity/subscribers","https://api.github.com/repos/audacity/audacity/subscription","https://api.github.com/repos/audacity/audacity/commits{/sha}","https://api.github.com/repos/audacity/audacity/git/commits{/sha}","https://api.github.com/repos/audacity/audacity/comments{/number}","https://api.github.com/repos/audacity/audacity/issues/comments{/number}","https://api.github.com/repos/audacity/audacity/contents/{+path}","https://api.github.com/repos/audacity/audacity/compare/{base}...{head}","https://api.github.com/repos/audacity/audacity/merges","https://api.github.com/repos/audacity/audacity/{archive_format}{/ref}","https://api.github.com/repos/audacity/audacity/downloads","https://api.github.com/repos/audacity/audacity/issues{/number}","https://api.github.com/repos/audacity/audacity/pulls{/number}","https://api.github.com/repos/audacity/audacity/milestones{/number}","https://api.github.com/repos/audacity/audacity/notifications{?since,all,participating}","https://api.github.com/repos/audacity/audacity/labels{/name}","https://api.github.com/repos/audacity/audacity/releases{/id}","https://api.github.com/repos/audacity/audacity/deployments","2015-03-26T10:46:17Z","2021-08-11T19:16:41Z","2021-08-11T16:02:36Z","git://github.com/audacity/audacity.git","git@github.com:audacity/audacity.git","https://github.com/audacity/audacity.git","https://github.com/audacity/audacity","https://wiki.audacityteam.org/wiki/For_Developers",230313,6245,6245,"C",true,true,true,true,false,1634,,false,false,416,"{""key"":""other"",""name"":""Other"",""spdx_id"":""NOASSERTION"",""url"":null,""node_id"":""MDc6TGljZW5zZTA=""}",1634,416,6245,"master","{""admin"":false,""maintain"":false,""push"":false,""triage"":false,""pull"":true}","","{""login"":""audacity"",""id"":11648186,""node_id"":""MDEyOk9yZ2FuaXphdGlvbjExNjQ4MTg2"",""avatar_url"":""https://avatars.githubusercontent.com/u/11648186?v=4"",""gravatar_id"":"""",""url"":""https://api.github.com/users/audacity"",""html_url"":""https://github.com/audacity"",""followers_url"":""https://api.github.com/users/audacity/followers"",""following_url"":""https://api.github.com/users/audacity/following{/other_user}"",""gists_url"":""https://api.github.com/users/audacity/gists{/gist_id}"",""starred_url"":""https://api.github.com/users/audacity/starred{/owner}{/repo}"",""subscriptions_url"":""https://api.github.com/users/audacity/subscriptions"",""organizations_url"":""https://api.github.com/users/audacity/orgs"",""repos_url"":""https://api.github.com/users/audacity/repos"",""events_url"":""https://api.github.com/users/audacity/events{/privacy}"",""received_events_url"":""https://api.github.com/users/audacity/received_events"",""type"":""Organization"",""site_admin"":false}",1634,234
313330998,"50projects50days","CSS","608","MDEwOlJlcG9zaXRvcnkzMTMzMzA5OTg=","bradtraversy/50projects50days",false,"{""login"":""bradtraversy"",""id"":5550850,""node_id"":""MDQ6VXNlcjU1NTA4NTA="",""avatar_url"":""https://avatars.githubusercontent.com/u/5550850?v=4"",""gravatar_id"":"""",""url"":""https://api.github.com/users/bradtraversy"",""html_url"":""https://github.com/bradtraversy"",""followers_url"":""https://api.github.com/users/bradtraversy/followers"",""following_url"":""https://api.github.com/users/bradtraversy/following{/other_user}"",""gists_url"":""https://api.github.com/users/bradtraversy/gists{/gist_id}"",""starred_url"":""https://api.github.com/users/bradtraversy/starred{/owner}{/repo}"",""subscriptions_url"":""https://api.github.com/users/bradtraversy/subscriptions"",""organizations_url"":""https://api.github.com/users/bradtraversy/orgs"",""repos_url"":""https://api.github.com/users/bradtraversy/repos"",""events_url"":""https://api.github.com/users/bradtraversy/events{/privacy}"",""received_events_url"":""https://api.github.com/users/bradtraversy/received_events"",""type"":""User"",""site_admin"":false}","https://github.com/bradtraversy/50projects50days","50+ mini web projects using HTML, CSS & JS",false,"https://api.github.com/repos/bradtraversy/50projects50days","https://api.github.com/repos/bradtraversy/50projects50days/forks","https://api.github.com/repos/bradtraversy/50projects50days/keys{/key_id}","https://api.github.com/repos/bradtraversy/50projects50days/collaborators{/collaborator}","https://api.github.com/repos/bradtraversy/50projects50days/teams","https://api.github.com/repos/bradtraversy/50projects50days/hooks","https://api.github.com/repos/bradtraversy/50projects50days/issues/events{/number}","https://api.github.com/repos/bradtraversy/50projects50days/events","https://api.github.com/repos/bradtraversy/50projects50days/assignees{/user}","https://api.github.com/repos/bradtraversy/50projects50days/branches{/branch}","https://api.github.com/repos/bradtraversy/50projects50days/tags","https://api.github.com/repos/bradtraversy/50projects50days/git/blobs{/sha}","https://api.github.com/repos/bradtraversy/50projects50days/git/tags{/sha}","https://api.github.com/repos/bradtraversy/50projects50days/git/refs{/sha}","https://api.github.com/repos/bradtraversy/50projects50days/git/trees{/sha}","https://api.github.com/repos/bradtraversy/50projects50days/statuses/{sha}","https://api.github.com/repos/bradtraversy/50projects50days/languages","https://api.github.com/repos/bradtraversy/50projects50days/stargazers","https://api.github.com/repos/bradtraversy/50projects50days/contributors","https://api.github.com/repos/bradtraversy/50projects50days/subscribers","https://api.github.com/repos/bradtraversy/50projects50days/subscription","https://api.github.com/repos/bradtraversy/50projects50days/commits{/sha}","https://api.github.com/repos/bradtraversy/50projects50days/git/commits{/sha}","https://api.github.com/repos/bradtraversy/50projects50days/comments{/number}","https://api.github.com/repos/bradtraversy/50projects50days/issues/comments{/number}","https://api.github.com/repos/bradtraversy/50projects50days/contents/{+path}","https://api.github.com/repos/bradtraversy/50projects50days/compare/{base}...{head}","https://api.github.com/repos/bradtraversy/50projects50days/merges","https://api.github.com/repos/bradtraversy/50projects50days/{archive_format}{/ref}","https://api.github.com/repos/bradtraversy/50projects50days/downloads","https://api.github.com/repos/bradtraversy/50projects50days/issues{/number}","https://api.github.com/repos/bradtraversy/50projects50days/pulls{/number}","https://api.github.com/repos/bradtraversy/50projects50days/milestones{/number}","https://api.github.com/repos/bradtraversy/50projects50days/notifications{?since,all,participating}","https://api.github.com/repos/bradtraversy/50projects50days/labels{/name}","https://api.github.com/repos/bradtraversy/50projects50days/releases{/id}","https://api.github.com/repos/bradtraversy/50projects50days/deployments","2020-11-16T14:39:01Z","2021-08-12T01:40:09Z","2021-08-10T20:55:19Z","git://github.com/bradtraversy/50projects50days.git","git@github.com:bradtraversy/50projects50days.git","https://github.com/bradtraversy/50projects50days.git","https://github.com/bradtraversy/50projects50days",,481,8256,8256,"CSS",false,true,true,true,false,1960,,false,false,20,,1960,20,8256,"master","{""admin"":false,""maintain"":false,""push"":false,""triage"":false,""pull"":true}","","",1960,223
16194327,"magic-of-css","CSS","138","MDEwOlJlcG9zaXRvcnkxNjE5NDMyNw==","adamschwartz/magic-of-css",false,"{""login"":""adamschwartz"",""id"":154613,""node_id"":""MDQ6VXNlcjE1NDYxMw=="",""avatar_url"":""https://avatars.githubusercontent.com/u/154613?v=4"",""gravatar_id"":"""",""url"":""https://api.github.com/users/adamschwartz"",""html_url"":""https://github.com/adamschwartz"",""followers_url"":""https://api.github.com/users/adamschwartz/followers"",""following_url"":""https://api.github.com/users/adamschwartz/following{/other_user}"",""gists_url"":""https://api.github.com/users/adamschwartz/gists{/gist_id}"",""starred_url"":""https://api.github.com/users/adamschwartz/starred{/owner}{/repo}"",""subscriptions_url"":""https://api.github.com/users/adamschwartz/subscriptions"",""organizations_url"":""https://api.github.com/users/adamschwartz/orgs"",""repos_url"":""https://api.github.com/users/adamschwartz/repos"",""events_url"":""https://api.github.com/users/adamschwartz/events{/privacy}"",""received_events_url"":""https://api.github.com/users/adamschwartz/received_events"",""type"":""User"",""site_admin"":false}","https://github.com/adamschwartz/magic-of-css","A CSS course to turn you into a magician.",false,"https://api.github.com/repos/adamschwartz/magic-of-css","https://api.github.com/repos/adamschwartz/magic-of-css/forks","https://api.github.com/repos/adamschwartz/magic-of-css/keys{/key_id}","https://api.github.com/repos/adamschwartz/magic-of-css/collaborators{/collaborator}","https://api.github.com/repos/adamschwartz/magic-of-css/teams","https://api.github.com/repos/adamschwartz/magic-of-css/hooks","https://api.github.com/repos/adamschwartz/magic-of-css/issues/events{/number}","https://api.github.com/repos/adamschwartz/magic-of-css/events","https://api.github.com/repos/adamschwartz/magic-of-css/assignees{/user}","https://api.github.com/repos/adamschwartz/magic-of-css/branches{/branch}","https://api.github.com/repos/adamschwartz/magic-of-css/tags","https://api.github.com/repos/adamschwartz/magic-of-css/git/blobs{/sha}","https://api.github.com/repos/adamschwartz/magic-of-css/git/tags{/sha}","https://api.github.com/repos/adamschwartz/magic-of-css/git/refs{/sha}","https://api.github.com/repos/adamschwartz/magic-of-css/git/trees{/sha}","https://api.github.com/repos/adamschwartz/magic-of-css/statuses/{sha}","https://api.github.com/repos/adamschwartz/magic-of-css/languages","https://api.github.com/repos/adamschwartz/magic-of-css/stargazers","https://api.github.com/repos/adamschwartz/magic-of-css/contributors","https://api.github.com/repos/adamschwartz/magic-of-css/subscribers","https://api.github.com/repos/adamschwartz/magic-of-css/subscription","https://api.github.com/repos/adamschwartz/magic-of-css/commits{/sha}","https://api.github.com/repos/adamschwartz/magic-of-css/git/commits{/sha}","https://api.github.com/repos/adamschwartz/magic-of-css/comments{/number}","https://api.github.com/repos/adamschwartz/magic-of-css/issues/comments{/number}","https://api.github.com/repos/adamschwartz/magic-of-css/contents/{+path}","https://api.github.com/repos/adamschwartz/magic-of-css/compare/{base}...{head}","https://api.github.com/repos/adamschwartz/magic-of-css/merges","https://api.github.com/repos/adamschwartz/magic-of-css/{archive_format}{/ref}","https://api.github.com/repos/adamschwartz/magic-of-css/downloads","https://api.github.com/repos/adamschwartz/magic-of-css/issues{/number}","https://api.github.com/repos/adamschwartz/magic-of-css/pulls{/number}","https://api.github.com/repos/adamschwartz/magic-of-css/milestones{/number}","https://api.github.com/repos/adamschwartz/magic-of-css/notifications{?since,all,participating}","https://api.github.com/repos/adamschwartz/magic-of-css/labels{/name}","https://api.github.com/repos/adamschwartz/magic-of-css/releases{/id}","https://api.github.com/repos/adamschwartz/magic-of-css/deployments","2014-01-24T03:50:52Z","2021-08-10T18:57:43Z","2021-07-09T14:10:58Z","git://github.com/adamschwartz/magic-of-css.git","git@github.com:adamschwartz/magic-of-css.git","https://github.com/adamschwartz/magic-of-css.git","https://github.com/adamschwartz/magic-of-css","https://adamschwartz.co/magic-of-css",3800,5484,5484,"CSS",true,true,true,true,true,334,,false,false,10,"{""key"":""mit"",""name"":""MIT License"",""spdx_id"":""MIT"",""url"":""https://api.github.com/licenses/mit"",""node_id"":""MDc6TGljZW5zZTEz""}",334,10,5484,"gh-pages","{""admin"":false,""maintain"":false,""push"":false,""triage"":false,""pull"":true}","","",334,187
382800934,"tenacity","C","2230","MDEwOlJlcG9zaXRvcnkzODI4MDA5MzQ=","tenacityteam/tenacity",false,"{""login"":""tenacityteam"",""id"":87040876,""node_id"":""MDEyOk9yZ2FuaXphdGlvbjg3MDQwODc2"",""avatar_url"":""https://avatars.githubusercontent.com/u/87040876?v=4"",""gravatar_id"":"""",""url"":""https://api.github.com/users/tenacityteam"",""html_url"":""https://github.com/tenacityteam"",""followers_url"":""https://api.github.com/users/tenacityteam/followers"",""following_url"":""https://api.github.com/users/tenacityteam/following{/other_user}"",""gists_url"":""https://api.github.com/users/tenacityteam/gists{/gist_id}"",""starred_url"":""https://api.github.com/users/tenacityteam/starred{/owner}{/repo}"",""subscriptions_url"":""https://api.github.com/users/tenacityteam/subscriptions"",""organizations_url"":""https://api.github.com/users/tenacityteam/orgs"",""repos_url"":""https://api.github.com/users/tenacityteam/repos"",""events_url"":""https://api.github.com/users/tenacityteam/events{/privacy}"",""received_events_url"":""https://api.github.com/users/tenacityteam/received_events"",""type"":""Organization"",""site_admin"":false}","https://github.com/tenacityteam/tenacity","Tenacity is an easy-to-use, privacy-friendly, FLOSS, cross-platform multi-track audio editor/recorder for Windows, macOS, Linux and other operating systems. Contributions welcome!",false,"https://api.github.com/repos/tenacityteam/tenacity","https://api.github.com/repos/tenacityteam/tenacity/forks","https://api.github.com/repos/tenacityteam/tenacity/keys{/key_id}","https://api.github.com/repos/tenacityteam/tenacity/collaborators{/collaborator}","https://api.github.com/repos/tenacityteam/tenacity/teams","https://api.github.com/repos/tenacityteam/tenacity/hooks","https://api.github.com/repos/tenacityteam/tenacity/issues/events{/number}","https://api.github.com/repos/tenacityteam/tenacity/events","https://api.github.com/repos/tenacityteam/tenacity/assignees{/user}","https://api.github.com/repos/tenacityteam/tenacity/branches{/branch}","https://api.github.com/repos/tenacityteam/tenacity/tags","https://api.github.com/repos/tenacityteam/tenacity/git/blobs{/sha}","https://api.github.com/repos/tenacityteam/tenacity/git/tags{/sha}","https://api.github.com/repos/tenacityteam/tenacity/git/refs{/sha}","https://api.github.com/repos/tenacityteam/tenacity/git/trees{/sha}","https://api.github.com/repos/tenacityteam/tenacity/statuses/{sha}","https://api.github.com/repos/tenacityteam/tenacity/languages","https://api.github.com/repos/tenacityteam/tenacity/stargazers","https://api.github.com/repos/tenacityteam/tenacity/contributors","https://api.github.com/repos/tenacityteam/tenacity/subscribers","https://api.github.com/repos/tenacityteam/tenacity/subscription","https://api.github.com/repos/tenacityteam/tenacity/commits{/sha}","https://api.github.com/repos/tenacityteam/tenacity/git/commits{/sha}","https://api.github.com/repos/tenacityteam/tenacity/comments{/number}","https://api.github.com/repos/tenacityteam/tenacity/issues/comments{/number}","https://api.github.com/repos/tenacityteam/tenacity/contents/{+path}","https://api.github.com/repos/tenacityteam/tenacity/compare/{base}...{head}","https://api.github.com/repos/tenacityteam/tenacity/merges","https://api.github.com/repos/tenacityteam/tenacity/{archive_format}{/ref}","https://api.github.com/repos/tenacityteam/tenacity/downloads","https://api.github.com/repos/tenacityteam/tenacity/issues{/number}","https://api.github.com/repos/tenacityteam/tenacity/pulls{/number}","https://api.github.com/repos/tenacityteam/tenacity/milestones{/number}","https://api.github.com/repos/tenacityteam/tenacity/notifications{?since,all,participating}","https://api.github.com/repos/tenacityteam/tenacity/labels{/name}","https://api.github.com/repos/tenacityteam/tenacity/releases{/id}","https://api.github.com/repos/tenacityteam/tenacity/deployments","2021-07-04T08:27:01Z","2021-08-11T23:56:40Z","2021-08-12T00:04:33Z","git://github.com/tenacityteam/tenacity.git","git@github.com:tenacityteam/tenacity.git","https://github.com/tenacityteam/tenacity.git","https://github.com/tenacityteam/tenacity","https://tenacityaudio.org",240233,5405,5405,"C",true,false,true,false,false,234,,false,false,97,"{""key"":""other"",""name"":""Other"",""spdx_id"":""NOASSERTION"",""url"":null,""node_id"":""MDc6TGljZW5zZTA=""}",234,97,5405,"master","{""admin"":false,""maintain"":false,""push"":false,""triage"":false,""pull"":true}","","{""login"":""tenacityteam"",""id"":87040876,""node_id"":""MDEyOk9yZ2FuaXphdGlvbjg3MDQwODc2"",""avatar_url"":""https://avatars.githubusercontent.com/u/87040876?v=4"",""gravatar_id"":"""",""url"":""https://api.github.com/users/tenacityteam"",""html_url"":""https://github.com/tenacityteam"",""followers_url"":""https://api.github.com/users/tenacityteam/followers"",""following_url"":""https://api.github.com/users/tenacityteam/following{/other_user}"",""gists_url"":""https://api.github.com/users/tenacityteam/gists{/gist_id}"",""starred_url"":""https://api.github.com/users/tenacityteam/starred{/owner}{/repo}"",""subscriptions_url"":""https://api.github.com/users/tenacityteam/subscriptions"",""organizations_url"":""https://api.github.com/users/tenacityteam/orgs"",""repos_url"":""https://api.github.com/users/tenacityteam/repos"",""events_url"":""https://api.github.com/users/tenacityteam/events{/privacy}"",""received_events_url"":""https://api.github.com/users/tenacityteam/received_events"",""type"":""Organization"",""site_admin"":false}",234,77
89033556,"firebase-ios-sdk","Objective-C","34","MDEwOlJlcG9zaXRvcnk4OTAzMzU1Ng==","firebase/firebase-ios-sdk",false,"{""login"":""firebase"",""id"":1335026,""node_id"":""MDEyOk9yZ2FuaXphdGlvbjEzMzUwMjY="",""avatar_url"":""https://avatars.githubusercontent.com/u/1335026?v=4"",""gravatar_id"":"""",""url"":""https://api.github.com/users/firebase"",""html_url"":""https://github.com/firebase"",""followers_url"":""https://api.github.com/users/firebase/followers"",""following_url"":""https://api.github.com/users/firebase/following{/other_user}"",""gists_url"":""https://api.github.com/users/firebase/gists{/gist_id}"",""starred_url"":""https://api.github.com/users/firebase/starred{/owner}{/repo}"",""subscriptions_url"":""https://api.github.com/users/firebase/subscriptions"",""organizations_url"":""https://api.github.com/users/firebase/orgs"",""repos_url"":""https://api.github.com/users/firebase/repos"",""events_url"":""https://api.github.com/users/firebase/events{/privacy}"",""received_events_url"":""https://api.github.com/users/firebase/received_events"",""type"":""Organization"",""site_admin"":false}","https://github.com/firebase/firebase-ios-sdk","Firebase iOS SDK",false,"https://api.github.com/repos/firebase/firebase-ios-sdk","https://api.github.com/repos/firebase/firebase-ios-sdk/forks","https://api.github.com/repos/firebase/firebase-ios-sdk/keys{/key_id}","https://api.github.com/repos/firebase/firebase-ios-sdk/collaborators{/collaborator}","https://api.github.com/repos/firebase/firebase-ios-sdk/teams","https://api.github.com/repos/firebase/firebase-ios-sdk/hooks","https://api.github.com/repos/firebase/firebase-ios-sdk/issues/events{/number}","https://api.github.com/repos/firebase/firebase-ios-sdk/events","https://api.github.com/repos/firebase/firebase-ios-sdk/assignees{/user}","https://api.github.com/repos/firebase/firebase-ios-sdk/branches{/branch}","https://api.github.com/repos/firebase/firebase-ios-sdk/tags","https://api.github.com/repos/firebase/firebase-ios-sdk/git/blobs{/sha}","https://api.github.com/repos/firebase/firebase-ios-sdk/git/tags{/sha}","https://api.github.com/repos/firebase/firebase-ios-sdk/git/refs{/sha}","https://api.github.com/repos/firebase/firebase-ios-sdk/git/trees{/sha}","https://api.github.com/repos/firebase/firebase-ios-sdk/statuses/{sha}","https://api.github.com/repos/firebase/firebase-ios-sdk/languages","https://api.github.com/repos/firebase/firebase-ios-sdk/stargazers","https://api.github.com/repos/firebase/firebase-ios-sdk/contributors","https://api.github.com/repos/firebase/firebase-ios-sdk/subscribers","https://api.github.com/repos/firebase/firebase-ios-sdk/subscription","https://api.github.com/repos/firebase/firebase-ios-sdk/commits{/sha}","https://api.github.com/repos/firebase/firebase-ios-sdk/git/commits{/sha}","https://api.github.com/repos/firebase/firebase-ios-sdk/comments{/number}","https://api.github.com/repos/firebase/firebase-ios-sdk/issues/comments{/number}","https://api.github.com/repos/firebase/firebase-ios-sdk/contents/{+path}","https://api.github.com/repos/firebase/firebase-ios-sdk/compare/{base}...{head}","https://api.github.com/repos/firebase/firebase-ios-sdk/merges","https://api.github.com/repos/firebase/firebase-ios-sdk/{archive_format}{/ref}","https://api.github.com/repos/firebase/firebase-ios-sdk/downloads","https://api.github.com/repos/firebase/firebase-ios-sdk/issues{/number}","https://api.github.com/repos/firebase/firebase-ios-sdk/pulls{/number}","https://api.github.com/repos/firebase/firebase-ios-sdk/milestones{/number}","https://api.github.com/repos/firebase/firebase-ios-sdk/notifications{?since,all,participating}","https://api.github.com/repos/firebase/firebase-ios-sdk/labels{/name}","https://api.github.com/repos/firebase/firebase-ios-sdk/releases{/id}","https://api.github.com/repos/firebase/firebase-ios-sdk/deployments","2017-04-22T00:26:50Z","2021-08-11T17:07:24Z","2021-08-11T22:44:33Z","git://github.com/firebase/firebase-ios-sdk.git","git@github.com:firebase/firebase-ios-sdk.git","https://github.com/firebase/firebase-ios-sdk.git","https://github.com/firebase/firebase-ios-sdk","https://firebase.google.com",43608,3028,3028,"Objective-C",true,true,true,true,false,844,,false,false,277,"{""key"":""apache-2.0"",""name"":""Apache License 2.0"",""spdx_id"":""Apache-2.0"",""url"":""https://api.github.com/licenses/apache-2.0"",""node_id"":""MDc6TGljZW5zZTI=""}",844,277,3028,"master","{""admin"":false,""maintain"":false,""push"":false,""triage"":false,""pull"":true}","","{""login"":""firebase"",""id"":1335026,""node_id"":""MDEyOk9yZ2FuaXphdGlvbjEzMzUwMjY="",""avatar_url"":""https://avatars.githubusercontent.com/u/1335026?v=4"",""gravatar_id"":"""",""url"":""https://api.github.com/users/firebase"",""html_url"":""https://github.com/firebase"",""followers_url"":""https://api.github.com/users/firebase/followers"",""following_url"":""https://api.github.com/users/firebase/following{/other_user}"",""gists_url"":""https://api.github.com/users/firebase/gists{/gist_id}"",""starred_url"":""https://api.github.com/users/firebase/starred{/owner}{/repo}"",""subscriptions_url"":""https://api.github.com/users/firebase/subscriptions"",""organizations_url"":""https://api.github.com/users/firebase/orgs"",""repos_url"":""https://api.github.com/users/firebase/repos"",""events_url"":""https://api.github.com/users/firebase/events{/privacy}"",""received_events_url"":""https://api.github.com/users/firebase/received_events"",""type"":""Organization"",""site_admin"":false}",844,212
360107267,"Psyduck","Go","446","MDEwOlJlcG9zaXRvcnkzNjAxMDcyNjc=","SmartKeyerror/Psyduck",false,"{""login"":""SmartKeyerror"",""id"":30709931,""node_id"":""MDQ6VXNlcjMwNzA5OTMx"",""avatar_url"":""https://avatars.githubusercontent.com/u/30709931?v=4"",""gravatar_id"":"""",""url"":""https://api.github.com/users/SmartKeyerror"",""html_url"":""https://github.com/SmartKeyerror"",""followers_url"":""https://api.github.com/users/SmartKeyerror/followers"",""following_url"":""https://api.github.com/users/SmartKeyerror/following{/other_user}"",""gists_url"":""https://api.github.com/users/SmartKeyerror/gists{/gist_id}"",""starred_url"":""https://api.github.com/users/SmartKeyerror/starred{/owner}{/repo}"",""subscriptions_url"":""https://api.github.com/users/SmartKeyerror/subscriptions"",""organizations_url"":""https://api.github.com/users/SmartKeyerror/orgs"",""repos_url"":""https://api.github.com/users/SmartKeyerror/repos"",""events_url"":""https://api.github.com/users/SmartKeyerror/events{/privacy}"",""received_events_url"":""https://api.github.com/users/SmartKeyerror/received_events"",""type"":""User"",""site_admin"":false}","https://github.com/SmartKeyerror/Psyduck","Record CS knowlegement with XMind, version 2.0. 使用 XMind 记录 Linux 操作系统，网络，C++，Golang 以及数据库的一些设计",false,"https://api.github.com/repos/SmartKeyerror/Psyduck","https://api.github.com/repos/SmartKeyerror/Psyduck/forks","https://api.github.com/repos/SmartKeyerror/Psyduck/keys{/key_id}","https://api.github.com/repos/SmartKeyerror/Psyduck/collaborators{/collaborator}","https://api.github.com/repos/SmartKeyerror/Psyduck/teams","https://api.github.com/repos/SmartKeyerror/Psyduck/hooks","https://api.github.com/repos/SmartKeyerror/Psyduck/issues/events{/number}","https://api.github.com/repos/SmartKeyerror/Psyduck/events","https://api.github.com/repos/SmartKeyerror/Psyduck/assignees{/user}","https://api.github.com/repos/SmartKeyerror/Psyduck/branches{/branch}","https://api.github.com/repos/SmartKeyerror/Psyduck/tags","https://api.github.com/repos/SmartKeyerror/Psyduck/git/blobs{/sha}","https://api.github.com/repos/SmartKeyerror/Psyduck/git/tags{/sha}","https://api.github.com/repos/SmartKeyerror/Psyduck/git/refs{/sha}","https://api.github.com/repos/SmartKeyerror/Psyduck/git/trees{/sha}","https://api.github.com/repos/SmartKeyerror/Psyduck/statuses/{sha}","https://api.github.com/repos/SmartKeyerror/Psyduck/languages","https://api.github.com/repos/SmartKeyerror/Psyduck/stargazers","https://api.github.com/repos/SmartKeyerror/Psyduck/contributors","https://api.github.com/repos/SmartKeyerror/Psyduck/subscribers","https://api.github.com/repos/SmartKeyerror/Psyduck/subscription","https://api.github.com/repos/SmartKeyerror/Psyduck/commits{/sha}","https://api.github.com/repos/SmartKeyerror/Psyduck/git/commits{/sha}","https://api.github.com/repos/SmartKeyerror/Psyduck/comments{/number}","https://api.github.com/repos/SmartKeyerror/Psyduck/issues/comments{/number}","https://api.github.com/repos/SmartKeyerror/Psyduck/contents/{+path}","https://api.github.com/repos/SmartKeyerror/Psyduck/compare/{base}...{head}","https://api.github.com/repos/SmartKeyerror/Psyduck/merges","https://api.github.com/repos/SmartKeyerror/Psyduck/{archive_format}{/ref}","https://api.github.com/repos/SmartKeyerror/Psyduck/downloads","https://api.github.com/repos/SmartKeyerror/Psyduck/issues{/number}","https://api.github.com/repos/SmartKeyerror/Psyduck/pulls{/number}","https://api.github.com/repos/SmartKeyerror/Psyduck/milestones{/number}","https://api.github.com/repos/SmartKeyerror/Psyduck/notifications{?since,all,participating}","https://api.github.com/repos/SmartKeyerror/Psyduck/labels{/name}","https://api.github.com/repos/SmartKeyerror/Psyduck/releases{/id}","https://api.github.com/repos/SmartKeyerror/Psyduck/deployments","2021-04-21T09:22:04Z","2021-08-12T00:39:45Z","2021-08-03T12:59:13Z","git://github.com/SmartKeyerror/Psyduck.git","git@github.com:SmartKeyerror/Psyduck.git","https://github.com/SmartKeyerror/Psyduck.git","https://github.com/SmartKeyerror/Psyduck","",61024,3776,3776,"Go",true,true,true,true,false,410,,false,false,6,,410,6,3776,"master","{""admin"":false,""maintain"":false,""push"":false,""triage"":false,""pull"":true}","","",410,72
271929004,"XiangShan","Scala","168","MDEwOlJlcG9zaXRvcnkyNzE5MjkwMDQ=","OpenXiangShan/XiangShan",false,"{""login"":""OpenXiangShan"",""id"":66780499,""node_id"":""MDEyOk9yZ2FuaXphdGlvbjY2NzgwNDk5"",""avatar_url"":""https://avatars.githubusercontent.com/u/66780499?v=4"",""gravatar_id"":"""",""url"":""https://api.github.com/users/OpenXiangShan"",""html_url"":""https://github.com/OpenXiangShan"",""followers_url"":""https://api.github.com/users/OpenXiangShan/followers"",""following_url"":""https://api.github.com/users/OpenXiangShan/following{/other_user}"",""gists_url"":""https://api.github.com/users/OpenXiangShan/gists{/gist_id}"",""starred_url"":""https://api.github.com/users/OpenXiangShan/starred{/owner}{/repo}"",""subscriptions_url"":""https://api.github.com/users/OpenXiangShan/subscriptions"",""organizations_url"":""https://api.github.com/users/OpenXiangShan/orgs"",""repos_url"":""https://api.github.com/users/OpenXiangShan/repos"",""events_url"":""https://api.github.com/users/OpenXiangShan/events{/privacy}"",""received_events_url"":""https://api.github.com/users/OpenXiangShan/received_events"",""type"":""Organization"",""site_admin"":false}","https://github.com/OpenXiangShan/XiangShan","Open-source high-performance RISC-V processor",false,"https://api.github.com/repos/OpenXiangShan/XiangShan","https://api.github.com/repos/OpenXiangShan/XiangShan/forks","https://api.github.com/repos/OpenXiangShan/XiangShan/keys{/key_id}","https://api.github.com/repos/OpenXiangShan/XiangShan/collaborators{/collaborator}","https://api.github.com/repos/OpenXiangShan/XiangShan/teams","https://api.github.com/repos/OpenXiangShan/XiangShan/hooks","https://api.github.com/repos/OpenXiangShan/XiangShan/issues/events{/number}","https://api.github.com/repos/OpenXiangShan/XiangShan/events","https://api.github.com/repos/OpenXiangShan/XiangShan/assignees{/user}","https://api.github.com/repos/OpenXiangShan/XiangShan/branches{/branch}","https://api.github.com/repos/OpenXiangShan/XiangShan/tags","https://api.github.com/repos/OpenXiangShan/XiangShan/git/blobs{/sha}","https://api.github.com/repos/OpenXiangShan/XiangShan/git/tags{/sha}","https://api.github.com/repos/OpenXiangShan/XiangShan/git/refs{/sha}","https://api.github.com/repos/OpenXiangShan/XiangShan/git/trees{/sha}","https://api.github.com/repos/OpenXiangShan/XiangShan/statuses/{sha}","https://api.github.com/repos/OpenXiangShan/XiangShan/languages","https://api.github.com/repos/OpenXiangShan/XiangShan/stargazers","https://api.github.com/repos/OpenXiangShan/XiangShan/contributors","https://api.github.com/repos/OpenXiangShan/XiangShan/subscribers","https://api.github.com/repos/OpenXiangShan/XiangShan/subscription","https://api.github.com/repos/OpenXiangShan/XiangShan/commits{/sha}","https://api.github.com/repos/OpenXiangShan/XiangShan/git/commits{/sha}","https://api.github.com/repos/OpenXiangShan/XiangShan/comments{/number}","https://api.github.com/repos/OpenXiangShan/XiangShan/issues/comments{/number}","https://api.github.com/repos/OpenXiangShan/XiangShan/contents/{+path}","https://api.github.com/repos/OpenXiangShan/XiangShan/compare/{base}...{head}","https://api.github.com/repos/OpenXiangShan/XiangShan/merges","https://api.github.com/repos/OpenXiangShan/XiangShan/{archive_format}{/ref}","https://api.github.com/repos/OpenXiangShan/XiangShan/downloads","https://api.github.com/repos/OpenXiangShan/XiangShan/issues{/number}","https://api.github.com/repos/OpenXiangShan/XiangShan/pulls{/number}","https://api.github.com/repos/OpenXiangShan/XiangShan/milestones{/number}","https://api.github.com/repos/OpenXiangShan/XiangShan/notifications{?since,all,participating}","https://api.github.com/repos/OpenXiangShan/XiangShan/labels{/name}","https://api.github.com/repos/OpenXiangShan/XiangShan/releases{/id}","https://api.github.com/repos/OpenXiangShan/XiangShan/deployments","2020-06-13T02:51:28Z","2021-08-11T13:00:55Z","2021-08-10T14:37:35Z","git://github.com/OpenXiangShan/XiangShan.git","git@github.com:OpenXiangShan/XiangShan.git","https://github.com/OpenXiangShan/XiangShan.git","https://github.com/OpenXiangShan/XiangShan","",15070,2026,2026,"Scala",true,true,true,true,false,165,,false,false,15,"{""key"":""other"",""name"":""Other"",""spdx_id"":""NOASSERTION"",""url"":null,""node_id"":""MDc6TGljZW5zZTA=""}",165,15,2026,"master","{""admin"":false,""maintain"":false,""push"":false,""triage"":false,""pull"":true}","","{""login"":""OpenXiangShan"",""id"":66780499,""node_id"":""MDEyOk9yZ2FuaXphdGlvbjY2NzgwNDk5"",""avatar_url"":""https://avatars.githubusercontent.com/u/66780499?v=4"",""gravatar_id"":"""",""url"":""https://api.github.com/users/OpenXiangShan"",""html_url"":""https://github.com/OpenXiangShan"",""followers_url"":""https://api.github.com/users/OpenXiangShan/followers"",""following_url"":""https://api.github.com/users/OpenXiangShan/following{/other_user}"",""gists_url"":""https://api.github.com/users/OpenXiangShan/gists{/gist_id}"",""starred_url"":""https://api.github.com/users/OpenXiangShan/starred{/owner}{/repo}"",""subscriptions_url"":""https://api.github.com/users/OpenXiangShan/subscriptions"",""organizations_url"":""https://api.github.com/users/OpenXiangShan/orgs"",""repos_url"":""https://api.github.com/users/OpenXiangShan/repos"",""events_url"":""https://api.github.com/users/OpenXiangShan/events{/privacy}"",""received_events_url"":""https://api.github.com/users/OpenXiangShan/received_events"",""type"":""Organization"",""site_admin"":false}",165,60
282008413,"win10script","PowerShell","140","MDEwOlJlcG9zaXRvcnkyODIwMDg0MTM=","ChrisTitusTech/win10script",false,"{""login"":""ChrisTitusTech"",""id"":7896101,""node_id"":""MDQ6VXNlcjc4OTYxMDE="",""avatar_url"":""https://avatars.githubusercontent.com/u/7896101?v=4"",""gravatar_id"":"""",""url"":""https://api.github.com/users/ChrisTitusTech"",""html_url"":""https://github.com/ChrisTitusTech"",""followers_url"":""https://api.github.com/users/ChrisTitusTech/followers"",""following_url"":""https://api.github.com/users/ChrisTitusTech/following{/other_user}"",""gists_url"":""https://api.github.com/users/ChrisTitusTech/gists{/gist_id}"",""starred_url"":""https://api.github.com/users/ChrisTitusTech/starred{/owner}{/repo}"",""subscriptions_url"":""https://api.github.com/users/ChrisTitusTech/subscriptions"",""organizations_url"":""https://api.github.com/users/ChrisTitusTech/orgs"",""repos_url"":""https://api.github.com/users/ChrisTitusTech/repos"",""events_url"":""https://api.github.com/users/ChrisTitusTech/events{/privacy}"",""received_events_url"":""https://api.github.com/users/ChrisTitusTech/received_events"",""type"":""User"",""site_admin"":false}","https://github.com/ChrisTitusTech/win10script","This is the Ultimate Windows 10 Script from a creation from multiple debloat scripts and gists from github. ",false,"https://api.github.com/repos/ChrisTitusTech/win10script","https://api.github.com/repos/ChrisTitusTech/win10script/forks","https://api.github.com/repos/ChrisTitusTech/win10script/keys{/key_id}","https://api.github.com/repos/ChrisTitusTech/win10script/collaborators{/collaborator}","https://api.github.com/repos/ChrisTitusTech/win10script/teams","https://api.github.com/repos/ChrisTitusTech/win10script/hooks","https://api.github.com/repos/ChrisTitusTech/win10script/issues/events{/number}","https://api.github.com/repos/ChrisTitusTech/win10script/events","https://api.github.com/repos/ChrisTitusTech/win10script/assignees{/user}","https://api.github.com/repos/ChrisTitusTech/win10script/branches{/branch}","https://api.github.com/repos/ChrisTitusTech/win10script/tags","https://api.github.com/repos/ChrisTitusTech/win10script/git/blobs{/sha}","https://api.github.com/repos/ChrisTitusTech/win10script/git/tags{/sha}","https://api.github.com/repos/ChrisTitusTech/win10script/git/refs{/sha}","https://api.github.com/repos/ChrisTitusTech/win10script/git/trees{/sha}","https://api.github.com/repos/ChrisTitusTech/win10script/statuses/{sha}","https://api.github.com/repos/ChrisTitusTech/win10script/languages","https://api.github.com/repos/ChrisTitusTech/win10script/stargazers","https://api.github.com/repos/ChrisTitusTech/win10script/contributors","https://api.github.com/repos/ChrisTitusTech/win10script/subscribers","https://api.github.com/repos/ChrisTitusTech/win10script/subscription","https://api.github.com/repos/ChrisTitusTech/win10script/commits{/sha}","https://api.github.com/repos/ChrisTitusTech/win10script/git/commits{/sha}","https://api.github.com/repos/ChrisTitusTech/win10script/comments{/number}","https://api.github.com/repos/ChrisTitusTech/win10script/issues/comments{/number}","https://api.github.com/repos/ChrisTitusTech/win10script/contents/{+path}","https://api.github.com/repos/ChrisTitusTech/win10script/compare/{base}...{head}","https://api.github.com/repos/ChrisTitusTech/win10script/merges","https://api.github.com/repos/ChrisTitusTech/win10script/{archive_format}{/ref}","https://api.github.com/repos/ChrisTitusTech/win10script/downloads","https://api.github.com/repos/ChrisTitusTech/win10script/issues{/number}","https://api.github.com/repos/ChrisTitusTech/win10script/pulls{/number}","https://api.github.com/repos/ChrisTitusTech/win10script/milestones{/number}","https://api.github.com/repos/ChrisTitusTech/win10script/notifications{?since,all,participating}","https://api.github.com/repos/ChrisTitusTech/win10script/labels{/name}","https://api.github.com/repos/ChrisTitusTech/win10script/releases{/id}","https://api.github.com/repos/ChrisTitusTech/win10script/deployments","2020-07-23T16:57:26Z","2021-08-11T18:55:28Z","2021-08-05T20:56:54Z","git://github.com/ChrisTitusTech/win10script.git","git@github.com:ChrisTitusTech/win10script.git","https://github.com/ChrisTitusTech/win10script.git","https://github.com/ChrisTitusTech/win10script",,322,1768,1768,"PowerShell",true,true,true,true,false,849,,false,false,41,"{""key"":""mit"",""name"":""MIT License"",""spdx_id"":""MIT"",""url"":""https://api.github.com/licenses/mit"",""node_id"":""MDc6TGljZW5zZTEz""}",849,41,1768,"master","{""admin"":false,""maintain"":false,""push"":false,""triage"":false,""pull"":true}","","",849,91
350557349,"Primes","C","185","MDEwOlJlcG9zaXRvcnkzNTA1NTczNDk=","PlummersSoftwareLLC/Primes",false,"{""login"":""PlummersSoftwareLLC"",""id"":83871427,""node_id"":""MDEyOk9yZ2FuaXphdGlvbjgzODcxNDI3"",""avatar_url"":""https://avatars.githubusercontent.com/u/83871427?v=4"",""gravatar_id"":"""",""url"":""https://api.github.com/users/PlummersSoftwareLLC"",""html_url"":""https://github.com/PlummersSoftwareLLC"",""followers_url"":""https://api.github.com/users/PlummersSoftwareLLC/followers"",""following_url"":""https://api.github.com/users/PlummersSoftwareLLC/following{/other_user}"",""gists_url"":""https://api.github.com/users/PlummersSoftwareLLC/gists{/gist_id}"",""starred_url"":""https://api.github.com/users/PlummersSoftwareLLC/starred{/owner}{/repo}"",""subscriptions_url"":""https://api.github.com/users/PlummersSoftwareLLC/subscriptions"",""organizations_url"":""https://api.github.com/users/PlummersSoftwareLLC/orgs"",""repos_url"":""https://api.github.com/users/PlummersSoftwareLLC/repos"",""events_url"":""https://api.github.com/users/PlummersSoftwareLLC/events{/privacy}"",""received_events_url"":""https://api.github.com/users/PlummersSoftwareLLC/received_events"",""type"":""Organization"",""site_admin"":false}","https://github.com/PlummersSoftwareLLC/Primes","Prime Number Projects in C#/C++/Python",false,"https://api.github.com/repos/PlummersSoftwareLLC/Primes","https://api.github.com/repos/PlummersSoftwareLLC/Primes/forks","https://api.github.com/repos/PlummersSoftwareLLC/Primes/keys{/key_id}","https://api.github.com/repos/PlummersSoftwareLLC/Primes/collaborators{/collaborator}","https://api.github.com/repos/PlummersSoftwareLLC/Primes/teams","https://api.github.com/repos/PlummersSoftwareLLC/Primes/hooks","https://api.github.com/repos/PlummersSoftwareLLC/Primes/issues/events{/number}","https://api.github.com/repos/PlummersSoftwareLLC/Primes/events","https://api.github.com/repos/PlummersSoftwareLLC/Primes/assignees{/user}","https://api.github.com/repos/PlummersSoftwareLLC/Primes/branches{/branch}","https://api.github.com/repos/PlummersSoftwareLLC/Primes/tags","https://api.github.com/repos/PlummersSoftwareLLC/Primes/git/blobs{/sha}","https://api.github.com/repos/PlummersSoftwareLLC/Primes/git/tags{/sha}","https://api.github.com/repos/PlummersSoftwareLLC/Primes/git/refs{/sha}","https://api.github.com/repos/PlummersSoftwareLLC/Primes/git/trees{/sha}","https://api.github.com/repos/PlummersSoftwareLLC/Primes/statuses/{sha}","https://api.github.com/repos/PlummersSoftwareLLC/Primes/languages","https://api.github.com/repos/PlummersSoftwareLLC/Primes/stargazers","https://api.github.com/repos/PlummersSoftwareLLC/Primes/contributors","https://api.github.com/repos/PlummersSoftwareLLC/Primes/subscribers","https://api.github.com/repos/PlummersSoftwareLLC/Primes/subscription","https://api.github.com/repos/PlummersSoftwareLLC/Primes/commits{/sha}","https://api.github.com/repos/PlummersSoftwareLLC/Primes/git/commits{/sha}","https://api.github.com/repos/PlummersSoftwareLLC/Primes/comments{/number}","https://api.github.com/repos/PlummersSoftwareLLC/Primes/issues/comments{/number}","https://api.github.com/repos/PlummersSoftwareLLC/Primes/contents/{+path}","https://api.github.com/repos/PlummersSoftwareLLC/Primes/compare/{base}...{head}","https://api.github.com/repos/PlummersSoftwareLLC/Primes/merges","https://api.github.com/repos/PlummersSoftwareLLC/Primes/{archive_format}{/ref}","https://api.github.com/repos/PlummersSoftwareLLC/Primes/downloads","https://api.github.com/repos/PlummersSoftwareLLC/Primes/issues{/number}","https://api.github.com/repos/PlummersSoftwareLLC/Primes/pulls{/number}","https://api.github.com/repos/PlummersSoftwareLLC/Primes/milestones{/number}","https://api.github.com/repos/PlummersSoftwareLLC/Primes/notifications{?since,all,participating}","https://api.github.com/repos/PlummersSoftwareLLC/Primes/labels{/name}","https://api.github.com/repos/PlummersSoftwareLLC/Primes/releases{/id}","https://api.github.com/repos/PlummersSoftwareLLC/Primes/deployments","2021-03-23T02:39:07Z","2021-08-12T01:40:59Z","2021-08-11T21:58:43Z","git://github.com/PlummersSoftwareLLC/Primes.git","git@github.com:PlummersSoftwareLLC/Primes.git","https://github.com/PlummersSoftwareLLC/Primes.git","https://github.com/PlummersSoftwareLLC/Primes","https://plummerssoftwarellc.github.io/PrimeView/",5948,1384,1384,"C",true,true,true,true,false,438,,false,false,16,,438,16,1384,"drag-race","{""admin"":false,""maintain"":false,""push"":false,""triage"":false,""pull"":true}","","{""login"":""PlummersSoftwareLLC"",""id"":83871427,""node_id"":""MDEyOk9yZ2FuaXphdGlvbjgzODcxNDI3"",""avatar_url"":""https://avatars.githubusercontent.com/u/83871427?v=4"",""gravatar_id"":"""",""url"":""https://api.github.com/users/PlummersSoftwareLLC"",""html_url"":""https://github.com/PlummersSoftwareLLC"",""followers_url"":""https://api.github.com/users/PlummersSoftwareLLC/followers"",""following_url"":""https://api.github.com/users/PlummersSoftwareLLC/following{/other_user}"",""gists_url"":""https://api.github.com/users/PlummersSoftwareLLC/gists{/gist_id}"",""starred_url"":""https://api.github.com/users/PlummersSoftwareLLC/starred{/owner}{/repo}"",""subscriptions_url"":""https://api.github.com/users/PlummersSoftwareLLC/subscriptions"",""organizations_url"":""https://api.github.com/users/PlummersSoftwareLLC/orgs"",""repos_url"":""https://api.github.com/users/PlummersSoftwareLLC/repos"",""events_url"":""https://api.github.com/users/PlummersSoftwareLLC/events{/privacy}"",""received_events_url"":""https://api.github.com/users/PlummersSoftwareLLC/received_events"",""type"":""Organization"",""site_admin"":false}",438,43
381538819,"tuplex","C++","155","MDEwOlJlcG9zaXRvcnkzODE1Mzg4MTk=","tuplex/tuplex",false,"{""login"":""tuplex"",""id"":79229178,""node_id"":""MDEyOk9yZ2FuaXphdGlvbjc5MjI5MTc4"",""avatar_url"":""https://avatars.githubusercontent.com/u/79229178?v=4"",""gravatar_id"":"""",""url"":""https://api.github.com/users/tuplex"",""html_url"":""https://github.com/tuplex"",""followers_url"":""https://api.github.com/users/tuplex/followers"",""following_url"":""https://api.github.com/users/tuplex/following{/other_user}"",""gists_url"":""https://api.github.com/users/tuplex/gists{/gist_id}"",""starred_url"":""https://api.github.com/users/tuplex/starred{/owner}{/repo}"",""subscriptions_url"":""https://api.github.com/users/tuplex/subscriptions"",""organizations_url"":""https://api.github.com/users/tuplex/orgs"",""repos_url"":""https://api.github.com/users/tuplex/repos"",""events_url"":""https://api.github.com/users/tuplex/events{/privacy}"",""received_events_url"":""https://api.github.com/users/tuplex/received_events"",""type"":""Organization"",""site_admin"":false}","https://github.com/tuplex/tuplex","Tuplex is a parallel big data processing framework that runs data science pipelines written in Python at the speed of compiled code. Tuplex has similar Python APIs to Apache Spark or Dask, but rather than invoking the Python interpreter, Tuplex generates optimized LLVM bytecode for the given pipeline and input data set.",false,"https://api.github.com/repos/tuplex/tuplex","https://api.github.com/repos/tuplex/tuplex/forks","https://api.github.com/repos/tuplex/tuplex/keys{/key_id}","https://api.github.com/repos/tuplex/tuplex/collaborators{/collaborator}","https://api.github.com/repos/tuplex/tuplex/teams","https://api.github.com/repos/tuplex/tuplex/hooks","https://api.github.com/repos/tuplex/tuplex/issues/events{/number}","https://api.github.com/repos/tuplex/tuplex/events","https://api.github.com/repos/tuplex/tuplex/assignees{/user}","https://api.github.com/repos/tuplex/tuplex/branches{/branch}","https://api.github.com/repos/tuplex/tuplex/tags","https://api.github.com/repos/tuplex/tuplex/git/blobs{/sha}","https://api.github.com/repos/tuplex/tuplex/git/tags{/sha}","https://api.github.com/repos/tuplex/tuplex/git/refs{/sha}","https://api.github.com/repos/tuplex/tuplex/git/trees{/sha}","https://api.github.com/repos/tuplex/tuplex/statuses/{sha}","https://api.github.com/repos/tuplex/tuplex/languages","https://api.github.com/repos/tuplex/tuplex/stargazers","https://api.github.com/repos/tuplex/tuplex/contributors","https://api.github.com/repos/tuplex/tuplex/subscribers","https://api.github.com/repos/tuplex/tuplex/subscription","https://api.github.com/repos/tuplex/tuplex/commits{/sha}","https://api.github.com/repos/tuplex/tuplex/git/commits{/sha}","https://api.github.com/repos/tuplex/tuplex/comments{/number}","https://api.github.com/repos/tuplex/tuplex/issues/comments{/number}","https://api.github.com/repos/tuplex/tuplex/contents/{+path}","https://api.github.com/repos/tuplex/tuplex/compare/{base}...{head}","https://api.github.com/repos/tuplex/tuplex/merges","https://api.github.com/repos/tuplex/tuplex/{archive_format}{/ref}","https://api.github.com/repos/tuplex/tuplex/downloads","https://api.github.com/repos/tuplex/tuplex/issues{/number}","https://api.github.com/repos/tuplex/tuplex/pulls{/number}","https://api.github.com/repos/tuplex/tuplex/milestones{/number}","https://api.github.com/repos/tuplex/tuplex/notifications{?since,all,participating}","https://api.github.com/repos/tuplex/tuplex/labels{/name}","https://api.github.com/repos/tuplex/tuplex/releases{/id}","https://api.github.com/repos/tuplex/tuplex/deployments","2021-06-30T01:16:04Z","2021-08-11T20:30:56Z","2021-08-11T04:01:49Z","git://github.com/tuplex/tuplex.git","git@github.com:tuplex/tuplex.git","https://github.com/tuplex/tuplex.git","https://github.com/tuplex/tuplex","https://tuplex.cs.brown.edu",32648,657,657,"C++",true,true,true,true,false,24,,false,false,10,"{""key"":""apache-2.0"",""name"":""Apache License 2.0"",""spdx_id"":""Apache-2.0"",""url"":""https://api.github.com/licenses/apache-2.0"",""node_id"":""MDc6TGljZW5zZTI=""}",24,10,657,"master","{""admin"":false,""maintain"":false,""push"":false,""triage"":false,""pull"":true}","","{""login"":""tuplex"",""id"":79229178,""node_id"":""MDEyOk9yZ2FuaXphdGlvbjc5MjI5MTc4"",""avatar_url"":""https://avatars.githubusercontent.com/u/79229178?v=4"",""gravatar_id"":"""",""url"":""https://api.github.com/users/tuplex"",""html_url"":""https://github.com/tuplex"",""followers_url"":""https://api.github.com/users/tuplex/followers"",""following_url"":""https://api.github.com/users/tuplex/following{/other_user}"",""gists_url"":""https://api.github.com/users/tuplex/gists{/gist_id}"",""starred_url"":""https://api.github.com/users/tuplex/starred{/owner}{/repo}"",""subscriptions_url"":""https://api.github.com/users/tuplex/subscriptions"",""organizations_url"":""https://api.github.com/users/tuplex/orgs"",""repos_url"":""https://api.github.com/users/tuplex/repos"",""events_url"":""https://api.github.com/users/tuplex/events{/privacy}"",""received_events_url"":""https://api.github.com/users/tuplex/received_events"",""type"":""Organization"",""site_admin"":false}",24,15
380996372,"exploit_mitigations","","128","MDEwOlJlcG9zaXRvcnkzODA5OTYzNzI=","nccgroup/exploit_mitigations",false,"{""login"":""nccgroup"",""id"":4067082,""node_id"":""MDEyOk9yZ2FuaXphdGlvbjQwNjcwODI="",""avatar_url"":""https://avatars.githubusercontent.com/u/4067082?v=4"",""gravatar_id"":"""",""url"":""https://api.github.com/users/nccgroup"",""html_url"":""https://github.com/nccgroup"",""followers_url"":""https://api.github.com/users/nccgroup/followers"",""following_url"":""https://api.github.com/users/nccgroup/following{/other_user}"",""gists_url"":""https://api.github.com/users/nccgroup/gists{/gist_id}"",""starred_url"":""https://api.github.com/users/nccgroup/starred{/owner}{/repo}"",""subscriptions_url"":""https://api.github.com/users/nccgroup/subscriptions"",""organizations_url"":""https://api.github.com/users/nccgroup/orgs"",""repos_url"":""https://api.github.com/users/nccgroup/repos"",""events_url"":""https://api.github.com/users/nccgroup/events{/privacy}"",""received_events_url"":""https://api.github.com/users/nccgroup/received_events"",""type"":""Organization"",""site_admin"":false}","https://github.com/nccgroup/exploit_mitigations","Knowledge base of exploit mitigations available across numerous  operating systems, architectures and applications and versions.",false,"https://api.github.com/repos/nccgroup/exploit_mitigations","https://api.github.com/repos/nccgroup/exploit_mitigations/forks","https://api.github.com/repos/nccgroup/exploit_mitigations/keys{/key_id}","https://api.github.com/repos/nccgroup/exploit_mitigations/collaborators{/collaborator}","https://api.github.com/repos/nccgroup/exploit_mitigations/teams","https://api.github.com/repos/nccgroup/exploit_mitigations/hooks","https://api.github.com/repos/nccgroup/exploit_mitigations/issues/events{/number}","https://api.github.com/repos/nccgroup/exploit_mitigations/events","https://api.github.com/repos/nccgroup/exploit_mitigations/assignees{/user}","https://api.github.com/repos/nccgroup/exploit_mitigations/branches{/branch}","https://api.github.com/repos/nccgroup/exploit_mitigations/tags","https://api.github.com/repos/nccgroup/exploit_mitigations/git/blobs{/sha}","https://api.github.com/repos/nccgroup/exploit_mitigations/git/tags{/sha}","https://api.github.com/repos/nccgroup/exploit_mitigations/git/refs{/sha}","https://api.github.com/repos/nccgroup/exploit_mitigations/git/trees{/sha}","https://api.github.com/repos/nccgroup/exploit_mitigations/statuses/{sha}","https://api.github.com/repos/nccgroup/exploit_mitigations/languages","https://api.github.com/repos/nccgroup/exploit_mitigations/stargazers","https://api.github.com/repos/nccgroup/exploit_mitigations/contributors","https://api.github.com/repos/nccgroup/exploit_mitigations/subscribers","https://api.github.com/repos/nccgroup/exploit_mitigations/subscription","https://api.github.com/repos/nccgroup/exploit_mitigations/commits{/sha}","https://api.github.com/repos/nccgroup/exploit_mitigations/git/commits{/sha}","https://api.github.com/repos/nccgroup/exploit_mitigations/comments{/number}","https://api.github.com/repos/nccgroup/exploit_mitigations/issues/comments{/number}","https://api.github.com/repos/nccgroup/exploit_mitigations/contents/{+path}","https://api.github.com/repos/nccgroup/exploit_mitigations/compare/{base}...{head}","https://api.github.com/repos/nccgroup/exploit_mitigations/merges","https://api.github.com/repos/nccgroup/exploit_mitigations/{archive_format}{/ref}","https://api.github.com/repos/nccgroup/exploit_mitigations/downloads","https://api.github.com/repos/nccgroup/exploit_mitigations/issues{/number}","https://api.github.com/repos/nccgroup/exploit_mitigations/pulls{/number}","https://api.github.com/repos/nccgroup/exploit_mitigations/milestones{/number}","https://api.github.com/repos/nccgroup/exploit_mitigations/notifications{?since,all,participating}","https://api.github.com/repos/nccgroup/exploit_mitigations/labels{/name}","https://api.github.com/repos/nccgroup/exploit_mitigations/releases{/id}","https://api.github.com/repos/nccgroup/exploit_mitigations/deployments","2021-06-28T10:46:18Z","2021-08-09T19:35:15Z","2021-08-06T09:44:09Z","git://github.com/nccgroup/exploit_mitigations.git","git@github.com:nccgroup/exploit_mitigations.git","https://github.com/nccgroup/exploit_mitigations.git","https://github.com/nccgroup/exploit_mitigations","https://research.nccgroup.com/2021/06/28/exploit-mitigations-keeping-up-with-evolving-and-complex-software-hardware/",116,403,403,,true,true,true,true,false,46,,false,false,0,,46,0,403,"master","{""admin"":false,""maintain"":false,""push"":false,""triage"":false,""pull"":true}","","{""login"":""nccgroup"",""id"":4067082,""node_id"":""MDEyOk9yZ2FuaXphdGlvbjQwNjcwODI="",""avatar_url"":""https://avatars.githubusercontent.com/u/4067082?v=4"",""gravatar_id"":"""",""url"":""https://api.github.com/users/nccgroup"",""html_url"":""https://github.com/nccgroup"",""followers_url"":""https://api.github.com/users/nccgroup/followers"",""following_url"":""https://api.github.com/users/nccgroup/following{/other_user}"",""gists_url"":""https://api.github.com/users/nccgroup/gists{/gist_id}"",""starred_url"":""https://api.github.com/users/nccgroup/starred{/owner}{/repo}"",""subscriptions_url"":""https://api.github.com/users/nccgroup/subscriptions"",""organizations_url"":""https://api.github.com/users/nccgroup/orgs"",""repos_url"":""https://api.github.com/users/nccgroup/repos"",""events_url"":""https://api.github.com/users/nccgroup/events{/privacy}"",""received_events_url"":""https://api.github.com/users/nccgroup/received_events"",""type"":""Organization"",""site_admin"":false}",46,24
357043015,"Taitank","C++","109","MDEwOlJlcG9zaXRvcnkzNTcwNDMwMTU=","Tencent/Taitank",false,"{""login"":""Tencent"",""id"":18461506,""node_id"":""MDEyOk9yZ2FuaXphdGlvbjE4NDYxNTA2"",""avatar_url"":""https://avatars.githubusercontent.com/u/18461506?v=4"",""gravatar_id"":"""",""url"":""https://api.github.com/users/Tencent"",""html_url"":""https://github.com/Tencent"",""followers_url"":""https://api.github.com/users/Tencent/followers"",""following_url"":""https://api.github.com/users/Tencent/following{/other_user}"",""gists_url"":""https://api.github.com/users/Tencent/gists{/gist_id}"",""starred_url"":""https://api.github.com/users/Tencent/starred{/owner}{/repo}"",""subscriptions_url"":""https://api.github.com/users/Tencent/subscriptions"",""organizations_url"":""https://api.github.com/users/Tencent/orgs"",""repos_url"":""https://api.github.com/users/Tencent/repos"",""events_url"":""https://api.github.com/users/Tencent/events{/privacy}"",""received_events_url"":""https://api.github.com/users/Tencent/received_events"",""type"":""Organization"",""site_admin"":false}","https://github.com/Tencent/Taitank","Taitank is a cross platform lightweight flex layout engine implemented in C++.",false,"https://api.github.com/repos/Tencent/Taitank","https://api.github.com/repos/Tencent/Taitank/forks","https://api.github.com/repos/Tencent/Taitank/keys{/key_id}","https://api.github.com/repos/Tencent/Taitank/collaborators{/collaborator}","https://api.github.com/repos/Tencent/Taitank/teams","https://api.github.com/repos/Tencent/Taitank/hooks","https://api.github.com/repos/Tencent/Taitank/issues/events{/number}","https://api.github.com/repos/Tencent/Taitank/events","https://api.github.com/repos/Tencent/Taitank/assignees{/user}","https://api.github.com/repos/Tencent/Taitank/branches{/branch}","https://api.github.com/repos/Tencent/Taitank/tags","https://api.github.com/repos/Tencent/Taitank/git/blobs{/sha}","https://api.github.com/repos/Tencent/Taitank/git/tags{/sha}","https://api.github.com/repos/Tencent/Taitank/git/refs{/sha}","https://api.github.com/repos/Tencent/Taitank/git/trees{/sha}","https://api.github.com/repos/Tencent/Taitank/statuses/{sha}","https://api.github.com/repos/Tencent/Taitank/languages","https://api.github.com/repos/Tencent/Taitank/stargazers","https://api.github.com/repos/Tencent/Taitank/contributors","https://api.github.com/repos/Tencent/Taitank/subscribers","https://api.github.com/repos/Tencent/Taitank/subscription","https://api.github.com/repos/Tencent/Taitank/commits{/sha}","https://api.github.com/repos/Tencent/Taitank/git/commits{/sha}","https://api.github.com/repos/Tencent/Taitank/comments{/number}","https://api.github.com/repos/Tencent/Taitank/issues/comments{/number}","https://api.github.com/repos/Tencent/Taitank/contents/{+path}","https://api.github.com/repos/Tencent/Taitank/compare/{base}...{head}","https://api.github.com/repos/Tencent/Taitank/merges","https://api.github.com/repos/Tencent/Taitank/{archive_format}{/ref}","https://api.github.com/repos/Tencent/Taitank/downloads","https://api.github.com/repos/Tencent/Taitank/issues{/number}","https://api.github.com/repos/Tencent/Taitank/pulls{/number}","https://api.github.com/repos/Tencent/Taitank/milestones{/number}","https://api.github.com/repos/Tencent/Taitank/notifications{?since,all,participating}","https://api.github.com/repos/Tencent/Taitank/labels{/name}","https://api.github.com/repos/Tencent/Taitank/releases{/id}","https://api.github.com/repos/Tencent/Taitank/deployments","2021-04-12T03:16:34Z","2021-08-11T07:24:34Z","2021-07-21T07:06:35Z","git://github.com/Tencent/Taitank.git","git@github.com:Tencent/Taitank.git","https://github.com/Tencent/Taitank.git","https://github.com/Tencent/Taitank","https://taitank.dev",14396,346,346,"C++",true,true,true,true,true,25,,false,false,3,"{""key"":""other"",""name"":""Other"",""spdx_id"":""NOASSERTION"",""url"":null,""node_id"":""MDc6TGljZW5zZTA=""}",25,3,346,"main","{""admin"":false,""maintain"":false,""push"":false,""triage"":false,""pull"":true}","","{""login"":""Tencent"",""id"":18461506,""node_id"":""MDEyOk9yZ2FuaXphdGlvbjE4NDYxNTA2"",""avatar_url"":""https://avatars.githubusercontent.com/u/18461506?v=4"",""gravatar_id"":"""",""url"":""https://api.github.com/users/Tencent"",""html_url"":""https://github.com/Tencent"",""followers_url"":""https://api.github.com/users/Tencent/followers"",""following_url"":""https://api.github.com/users/Tencent/following{/other_user}"",""gists_url"":""https://api.github.com/users/Tencent/gists{/gist_id}"",""starred_url"":""https://api.github.com/users/Tencent/starred{/owner}{/repo}"",""subscriptions_url"":""https://api.github.com/users/Tencent/subscriptions"",""organizations_url"":""https://api.github.com/users/Tencent/orgs"",""repos_url"":""https://api.github.com/users/Tencent/repos"",""events_url"":""https://api.github.com/users/Tencent/events{/privacy}"",""received_events_url"":""https://api.github.com/users/Tencent/received_events"",""type"":""Organization"",""site_admin"":false}",25,18
382992479,"imersao-fullcycle-3","TypeScript","129","MDEwOlJlcG9zaXRvcnkzODI5OTI0Nzk=","codeedu/imersao-fullcycle-3",false,"{""login"":""codeedu"",""id"":10950003,""node_id"":""MDEyOk9yZ2FuaXphdGlvbjEwOTUwMDAz"",""avatar_url"":""https://avatars.githubusercontent.com/u/10950003?v=4"",""gravatar_id"":"""",""url"":""https://api.github.com/users/codeedu"",""html_url"":""https://github.com/codeedu"",""followers_url"":""https://api.github.com/users/codeedu/followers"",""following_url"":""https://api.github.com/users/codeedu/following{/other_user}"",""gists_url"":""https://api.github.com/users/codeedu/gists{/gist_id}"",""starred_url"":""https://api.github.com/users/codeedu/starred{/owner}{/repo}"",""subscriptions_url"":""https://api.github.com/users/codeedu/subscriptions"",""organizations_url"":""https://api.github.com/users/codeedu/orgs"",""repos_url"":""https://api.github.com/users/codeedu/repos"",""events_url"":""https://api.github.com/users/codeedu/events{/privacy}"",""received_events_url"":""https://api.github.com/users/codeedu/received_events"",""type"":""Organization"",""site_admin"":false}","https://github.com/codeedu/imersao-fullcycle-3",,false,"https://api.github.com/repos/codeedu/imersao-fullcycle-3","https://api.github.com/repos/codeedu/imersao-fullcycle-3/forks","https://api.github.com/repos/codeedu/imersao-fullcycle-3/keys{/key_id}","https://api.github.com/repos/codeedu/imersao-fullcycle-3/collaborators{/collaborator}","https://api.github.com/repos/codeedu/imersao-fullcycle-3/teams","https://api.github.com/repos/codeedu/imersao-fullcycle-3/hooks","https://api.github.com/repos/codeedu/imersao-fullcycle-3/issues/events{/number}","https://api.github.com/repos/codeedu/imersao-fullcycle-3/events","https://api.github.com/repos/codeedu/imersao-fullcycle-3/assignees{/user}","https://api.github.com/repos/codeedu/imersao-fullcycle-3/branches{/branch}","https://api.github.com/repos/codeedu/imersao-fullcycle-3/tags","https://api.github.com/repos/codeedu/imersao-fullcycle-3/git/blobs{/sha}","https://api.github.com/repos/codeedu/imersao-fullcycle-3/git/tags{/sha}","https://api.github.com/repos/codeedu/imersao-fullcycle-3/git/refs{/sha}","https://api.github.com/repos/codeedu/imersao-fullcycle-3/git/trees{/sha}","https://api.github.com/repos/codeedu/imersao-fullcycle-3/statuses/{sha}","https://api.github.com/repos/codeedu/imersao-fullcycle-3/languages","https://api.github.com/repos/codeedu/imersao-fullcycle-3/stargazers","https://api.github.com/repos/codeedu/imersao-fullcycle-3/contributors","https://api.github.com/repos/codeedu/imersao-fullcycle-3/subscribers","https://api.github.com/repos/codeedu/imersao-fullcycle-3/subscription","https://api.github.com/repos/codeedu/imersao-fullcycle-3/commits{/sha}","https://api.github.com/repos/codeedu/imersao-fullcycle-3/git/commits{/sha}","https://api.github.com/repos/codeedu/imersao-fullcycle-3/comments{/number}","https://api.github.com/repos/codeedu/imersao-fullcycle-3/issues/comments{/number}","https://api.github.com/repos/codeedu/imersao-fullcycle-3/contents/{+path}","https://api.github.com/repos/codeedu/imersao-fullcycle-3/compare/{base}...{head}","https://api.github.com/repos/codeedu/imersao-fullcycle-3/merges","https://api.github.com/repos/codeedu/imersao-fullcycle-3/{archive_format}{/ref}","https://api.github.com/repos/codeedu/imersao-fullcycle-3/downloads","https://api.github.com/repos/codeedu/imersao-fullcycle-3/issues{/number}","https://api.github.com/repos/codeedu/imersao-fullcycle-3/pulls{/number}","https://api.github.com/repos/codeedu/imersao-fullcycle-3/milestones{/number}","https://api.github.com/repos/codeedu/imersao-fullcycle-3/notifications{?since,all,participating}","https://api.github.com/repos/codeedu/imersao-fullcycle-3/labels{/name}","https://api.github.com/repos/codeedu/imersao-fullcycle-3/releases{/id}","https://api.github.com/repos/codeedu/imersao-fullcycle-3/deployments","2021-07-05T02:28:11Z","2021-08-09T01:26:10Z","2021-07-12T19:58:04Z","git://github.com/codeedu/imersao-fullcycle-3.git","git@github.com:codeedu/imersao-fullcycle-3.git","https://github.com/codeedu/imersao-fullcycle-3.git","https://github.com/codeedu/imersao-fullcycle-3",,210,304,304,"TypeScript",true,true,true,true,false,259,,false,false,1,,259,1,304,"main","{""admin"":false,""maintain"":false,""push"":false,""triage"":false,""pull"":true}","","{""login"":""codeedu"",""id"":10950003,""node_id"":""MDEyOk9yZ2FuaXphdGlvbjEwOTUwMDAz"",""avatar_url"":""https://avatars.githubusercontent.com/u/10950003?v=4"",""gravatar_id"":"""",""url"":""https://api.github.com/users/codeedu"",""html_url"":""https://github.com/codeedu"",""followers_url"":""https://api.github.com/users/codeedu/followers"",""following_url"":""https://api.github.com/users/codeedu/following{/other_user}"",""gists_url"":""https://api.github.com/users/codeedu/gists{/gist_id}"",""starred_url"":""https://api.github.com/users/codeedu/starred{/owner}{/repo}"",""subscriptions_url"":""https://api.github.com/users/codeedu/subscriptions"",""organizations_url"":""https://api.github.com/users/codeedu/orgs"",""repos_url"":""https://api.github.com/users/codeedu/repos"",""events_url"":""https://api.github.com/users/codeedu/events{/privacy}"",""received_events_url"":""https://api.github.com/users/codeedu/received_events"",""type"":""Organization"",""site_admin"":false}",259,14