id,name,lang,new stars
23096959,golang/go,Go,63
21540759,avelino/awesome-go,Go,25
11180687,gohugoio/hugo,Go,31
20904437,gin-gonic/gin,Go,37
48378947,fatedier/frp,Go,38
41986369,pingcap/tidb,Go,12
74175805,istio/istio,Go,9
123572362,quii/learn-go-with-tests,Go,14
105279544,gocolly/colly,Go,11
66573241,hyperledger/fabric,Go,5
136815833,Dreamacro/clash,Go,19
136505169,tinygo-org/tinygo,Go,5
234231371,gofiber/fiber,Go,42
79921099,chromedp/chromedp,Go,9
167304464,cortexlabs/cortex,Go,10
55637575,lucas-clemente/quic-go,Go,9
145340771,go-flutter-desktop/go-flutter,Go,8
137854081,GoAdminGroup/go-admin,Go,7
66505292,GoesToEleven/golang-web-dev,Go,6
175070907,pion/ion,Go,22
205679232,flipped-aurora/gin-vue-admin,Go,54
246903803,earthly/earthly,Go,23
252813491,projectdiscovery/nuclei,Go,10
255027515,hahwul/dalfox,Go,5
258864129,FiloSottile/yubikey-agent,Go,19
